-0.0374385 -5.73035e-05 1.051606 2.2858e-06 -0.0328617 6.66461e-05 0.99946 -0.000138691 7.6436e-05 -0.233079 -0.000138691 7.64337e-05 -0.233048 0.611226 -0.312443 -8.55679e-05 -0.000162128 0.0973496 0.218615 0.566335 -0.582134 -1.4169 0.315339 0.0615923 -0.146577 0.0 -0.218505 -0.566321 0.582227 -1.41689 -0.315343 -0.0617214 -0.146588 0.0 -0.0041334 1.98607e-05
-0.037419339573081176 -4.1578711781442164e-05 1.0515949592290312 3.741666945870532e-05 -0.03274607221026649 2.2338084679479868e-05 0.9994637026204617 -0.000361568021442344 -0.0006424136962042483 -0.23345567296899913 -4.429983661669074e-05 -4.3957903481467645e-05 -0.2334245042696606 0.6113764217932568 -0.31244830859231654 -3.2356392859028335e-05 4.511635113198798e-05 0.09699928236269251 0.2184193588594644 0.5667080777070727 -0.5829345940175845 -1.4171142227374531 0.3154098384999889 0.06167772791119056 -0.1464810676334878 1.2470931186347389e-06 -0.21872161801193013 -0.5668095313294117 0.5825161473316639 -1.4173458795673282 -0.3154124148128962 -0.06180548766222715 -0.1463665625181687 4.7517406065659255e-06 -0.004134141830852401 7.659845118029366e-07
-0.037396463417931375 -1.4979552308323056e-05 1.0515808187751297 9.375021623772899e-05 -0.032583713014584535 -6.598216845213595e-05 0.9994690032729548 -0.0007145951618317561 -0.0019268216166323958 -0.23396301766501257 0.00014168894667127577 -0.00023856309492121706 -0.2339647321492714 0.6115855734993904 -0.31244211862860655 5.5620801555387534e-05 0.0003909064468488728 0.09651701799768952 0.21810395071638397 0.5672269370217661 -0.5841208166779305 -1.4173862262441626 0.3154422217624999 0.061634582028911304 -0.14639293403366316 1.090302313039091e-06 -0.2189733137896954 -0.5675152967365271 0.582731881635582 -1.4179223089409958 -0.31545393346111805 -0.061837876848840324 -0.1462144408646546 7.922192130082497e-06 -0.0041659289230331735 -1.5296230722810422e-05
-0.03737507333414773 1.9035483271855612e-05 1.0515667876722663 0.0001625082344901064 -0.032400678013382415 -0.00019296622285331657 0.9994749283595781 -0.0011738654889996048 -0.0036555080581770257 -0.23450944289303952 0.00040712729347810664 -0.0004778956090326374 -0.23458235716609016 0.6118109344632696 -0.31241607939969535 0.00016598656481058607 0.0008395773639075775 0.09598161246152438 0.21770152260172856 0.5677888314021685 -0.5855196053124956 -1.4176615859190593 0.3154520830489764 0.06151610724719174 -0.14630945840790205 9.090405269307024e-08 -0.21920539060390837 -0.568311916513142 0.5827631511130082 -1.4185045987851812 -0.3154814417082648 -0.06186522625280892 -0.1461087349022492 1.013102663104517e-05 -0.004213615002327824 -3.0468606996910797e-05
-0.037356463172700236 5.780964751342718e-05 1.0515541430893944 0.00023757175864354464 -0.03220684495045365 -0.0003532570287431285 0.9994811343429493 -0.0017249422086155364 -0.005734698489528596 -0.23506257095049465 0.000740272968585522 -0.0007411051642256569 -0.23524044570387173 0.6120312543360968 -0.31236608680423267 0.00028969947722889814 0.0013704329846280614 0.09542172408685204 0.2172332825125099 0.5683417689743925 -0.5870391963928668 -1.417915130901271 0.3154488217718254 0.06135365074039641 -0.146227442538906 -1.4290743433891413e-06 -0.2194086809630686 -0.5691325412323905 0.5825822258071798 -1.4190399491874741 -0.3155027309745733 -0.061908539844945674 -0.14603169167826718 1.1756385563990676e-05 -0.004267435287726124 -4.5444381743903924e-05
-0.037340468026016635 9.925547853811839e-05 1.0515432649471455 0.00031448835572641276 -0.03200584913986075 -0.0005421022636685684 0.9994874850857545 -0.0023544737335278597 -0.008091531796434343 -0.23561268621882428 0.0011308689810298838 -0.0010128266639255216 -0.23592250932535674 0.6122360043862733 -0.31229081064870606 0.0004199256901431018 0.0019692297520687587 0.09484723941192529 0.21671545725298513 0.5688602338345058 -0.5886292965756188 -1.41813747238848 0.31543766065797346 0.061164637104869524 -0.14614540197091924 -3.3007767855766424e-06 -0.21958903149187708 -0.5699407047480767 0.5821949306821891 -1.4195065771172586 -0.31552174592273935 -0.06197563214860225 -0.14597218679510443 1.3002398738966436e-05 -0.004323431247401867 -6.033803481691677e-05
-0.03732646661661769 0.00014172481900440328 1.051534115850335 0.00038995632447671937 -0.03179903376640411 -0.000755320983909862 0.999493921380115 -0.0030499420641796234 -0.010668951405491064 -0.23615809825499443 0.0015699958481301315 -0.001281544557119646 -0.23662056465037934 0.6124203111297726 -0.3121906647088941 0.0005514287294976913 0.0026247276584995573 0.09426140010327991 0.21616098728173022 0.5693328591608172 -0.5902616845268248 -1.4183273197973914 0.315421587382653 0.060959038973352815 -0.14606288754848215 -5.396230338497027e-06 -0.21975588894918965 -0.5707163843612129 0.5816196087880886 -1.4198988304228293 -0.31554049123019706 -0.06206831706974144 -0.14592319759921535 1.3983333744953784e-05 -0.004380403180222784 -7.509437664403356e-05
-0.03731377759714617 0.00018391771964037308 1.051526470448793 0.00046151554115453526 -0.03158699219611883 -0.0009892335183352876 0.9995004103773314 -0.0038001549130400967 -0.013421999551486055 -0.23669947197963892 0.002049881413048321 -0.0015385949641662873 -0.23733019891094234 0.6125823996206182 -0.3120670980621416 0.0006801827560493131 0.0033273992778367354 0.09366541184046473 0.21558009178242463 0.5697559226398392 -0.5919202192287452 -1.4184871521233933 0.3154023652706034 0.06074273579136782 -0.14597996929737878 -7.640651065704658e-06 -0.21991823004891758 -0.5714489248790807 0.580878116955942 -1.4202193336697087 -0.3155599658363419 -0.06218572986567691 -0.14588029749503395 1.4766990254515197e-05 -0.004438146808377066 -8.962717072460088e-05
-0.03730180068538519 0.00022481296207261446 1.0515200271907552 0.0005273406742748474 -0.031370133270759736 -0.0012406150916331841 0.999506927201899 -0.004595458955835889 -0.016315095648790707 -0.23723780301867564 0.0025637741227816373 -0.0017774853502647643 -0.238048558420325 0.6127222396857163 -0.31192212086826304 0.000803101227503723 0.00406895488412052 0.0930600662390102 0.2149806487784073 0.5701298296993659 -0.5935955580944167 -1.4186208948289794 0.31538106704624946 0.06051928611081153 -0.14589692694517942 -9.989378868296559e-06 -0.22008329942996546 -0.5721332805622658 0.5799920866611082 -1.4204747100743296 -0.31558063135731856 -0.06232587729970428 -0.1458407492034296 1.539667678385036e-05 -0.004496702617749779 -0.00010386110915303167
-0.03729005317828999 0.0002636137057708859 1.0515144635632239 0.000586092798006743 -0.031148860384761334 -0.0015066609003333245 0.999513449116566 -0.00542771189981865 -0.019319992418806553 -0.23777382043297354 0.0031058484371240796 -0.0019933996681963757 -0.23877354452270796 0.6128407924487311 -0.31175799551392736 0.0009178354802781706 0.004842148842565978 0.09244620982683549 0.2143685671893354 0.5704571656058602 -0.5952822840940977 -1.4187327357036381 0.3153583642698286 0.06029089126424005 -0.14581408225595197 -1.2415427422820902e-05 -0.22025639803505945 -0.572767932654819 0.5789815110288077 -1.4206732119189598 -0.3156026556232493 -0.06248636491003586 -0.14580293360005056 1.590244651001044e-05 -0.004556095539539579 -0.00011774120278508385
-0.03727816633424144 0.00029970464765535814 1.051509463484084 0.0006368086964346686 -0.030923607529663145 -0.0017849522758090174 0.9995199542367368 -0.006290138985432196 -0.022414214276931452 -0.23830790571146265 0.0036711183739176444 -0.0021828261693313004 -0.23950349601768897 0.6129395711253633 -0.3115770417064533 0.0010226208618828551 0.005640671517253279 0.09182480295218218 0.21374814870910594 0.5707415925217184 -0.5969772932550105 -1.4188265676859115 0.31533468884906246 0.060058936653795934 -0.1457317172894793 -1.490250731825063e-05 -0.22044103953226593 -0.5733536904935472 0.5778643557994176 -1.4208234134364723 -0.3156260437394407 -0.06266473385881201 -0.14576597768931596 1.630692047361463e-05 -0.004616274354019294 -0.0001312320505066134
-0.03726586867269174 0.0003326181462461399 1.0515047305911829 0.0006788166754631522 -0.030694829606399184 -0.0020734205605556985 0.999526421647039 -0.007177152696288274 -0.025579850870338695 -0.23884016748300596 0.004255350699151383 -0.0023432729472520797 -0.24023705963494565 0.6130203753688317 -0.31138151864845065 0.0011161575041834968 0.006459061149692181 0.0911968597446458 0.21312241657535802 0.5709872142659562 -0.5986788603360105 -1.418905766840822 0.3153103258592972 0.05982430602419971 -0.14565004135043869 -1.7440962515578215e-05 -0.22063921159987648 -0.5738929791110251 0.576656610201922 -1.4209335160702434 -0.31565071082458296 -0.06285860920191191 -0.145729506975201 1.6628343335489793e-05 -0.004677120133326715 -0.00014431458164517366
-0.03725296700141423 0.0003620073203913034 1.0514999941891294 0.0007116719578666024 -0.03046298354790661 -0.0023703089906997096 0.9995328317727602 -0.008084173682992935 -0.028802618560371744 -0.23937053951728163 0.004854977285038168 -0.0024730488293315802 -0.24097312890692046 0.6130851267552677 -0.31117355847773115 0.0011975171944665873 0.007292617187568394 0.09056337455243704 0.2124933992075699 0.5711982071530389 -0.6003860815857316 -1.4189731422094143 0.3152854684573581 0.059587569797339784 -0.14556918387851123 -2.0025309799241845e-05 -0.2208516439916698 -0.5743894050147649 0.5753725138163077 -1.4210110156134346 -0.3156765234311618 -0.06306575597897764 -0.14569347862207804 1.6882219588471943e-05 -0.004738471309566527 -0.00015698267050941872
-0.03723932904473809 0.0003876245173712835 1.0514950112830046 0.0007351069079251971 -0.030228512144196085 -0.002674134044939386 0.9995391666555602 -0.009007468289350281 -0.03207112698909071 -0.23989886092629922 0.005467008826760481 -0.0025710938200492143 -0.24171080618031776 0.6131357661250105 -0.3109551331742563 0.0012660701582424536 0.008137312267317377 0.08992526642076687 0.2118623676511001 0.5713786060330829 -0.6020985346704151 -1.4190309674503119 0.31526025126465185 0.05934910115610144 -0.1454892000830055 -2.2652692305027348e-05 -0.22107805133611078 -0.5748474842071427 0.5740248393799594 -1.4210625863674875 -0.3157033236718657 -0.06328409058935493 -0.145658068128258 1.7082158847577222e-05 -0.004800147027327849 -0.00016924025699341697
-0.03722486867395935 0.0004093038249654056 1.0514895665075126 0.0007489925834209502 -0.029991832960493854 -0.0029836477380998775 0.9995454100799797 -0.009944007130833099 -0.03537630363835608 -0.2404249319264507 0.006088952325924495 -0.0026368472248593992 -0.24244937252609383 0.6131741901035841 -0.31072804271257787 0.001321426996282886 0.008989704636602414 0.08928334577058541 0.21123003176878724 0.5715321828178569 -0.6038160680788381 -1.419081045586544 0.31523477114353965 0.059109149234696796 -0.1454100820151153 -2.532186975286448e-05 -0.22131734568379746 -0.575272462142894 0.5726251755530819 -1.4210940954120466 -0.3157309437475093 -0.06351167196199241 -0.1456235915629837 1.7240246665555912e-05 -0.004861964115437871 -0.00018109901977893353
-0.03720953362469873 0.0004269465046215563 1.0514834709579999 0.0007533089026804822 -0.029753331400829097 -0.0032978019670231637 0.9995515475944379 -0.010891344467696294 -0.03871093998049817 -0.24094855026280682 0.00671873411878362 -0.0026701441253039245 -0.24318826185514322 0.6132022127147412 -0.3104939159463005 0.0013633919495193716 0.009846853808465351 0.08863829861281694 0.21059670207744738 0.5716623812638161 -0.6055386702809938 -1.4191247815710155 0.3152091003276395 0.058867885908435266 -0.14533177129741104 -2.8032532266649174e-05 -0.22156782545801942 -0.5756701772894942 0.5711841805697492 -1.4211106921545136 -0.31575921550967745 -0.06374668657649217 -0.14559045094005865 1.7367118429508176e-05 -0.00492374789864827 -0.00019257645468079464
-0.037193295224713534 0.00044050835936733303 1.0514765605340466 0.0007481212213801493 -0.029513356020423372 -0.003615715640301921 0.9995575664920247 -0.01184751655289734 -0.04206933011089134 -0.24146953669001808 0.007354629547359932 -0.002671132529956448 -0.2439270396209079 0.6132215424644362 -0.31025421799788616 0.0013919242702175054 0.010706242531327374 0.087990681754807 0.2099624233702256 0.571772287143897 -0.6072663896175441 -1.419163250715815 0.31518329468301953 0.05862543560881981 -0.14525417179847241 -3.078481453682585e-05 -0.2218273529393265 -0.5760469290433954 0.5697117863103773 -1.4211169348657313 -0.31578797844624734 -0.06398743747244415 -0.14555909364002867 1.7471781258339224e-05 -0.0049853383194889845 -0.00020369413925749798
-0.03717613964653123 0.0004499881227387796 1.0514686942311209 0.0007335614008990515 -0.029272214156122415 -0.003936645122274156 0.9995634558102104 -0.012810957386339548 -0.04544697735837306 -0.2419877582600649 0.007995200015014794 -0.002640204461908894 -0.24466538747839678 0.6132337673657055 -0.3100102590991336 0.001407104815652014 0.011565708831187429 0.08734092303055306 0.20932708349087065 0.5718646226242411 -0.6089992875787945 -1.4191972588167219 0.3151573986174104 0.05838189353377335 -0.14517716172877174 -3.3578945047713e-05 -0.22209353525231335 -0.5764093116077722 0.5682173302647069 -1.4211169215141901 -0.3158170891670198 -0.06423234728507173 -0.14552997866853984 1.75612865233905e-05 -0.005046592531497846 -0.00021447592798986236
-0.03715806044468778 0.00045541595109629935 1.0514597527947451 0.0007098115139322736 -0.029030166491094248 -0.004259958619262809 0.9995692063852688 -0.013780431923019526 -0.04884034638371755 -0.24250315679413342 0.008639238383282564 -0.002577934427318544 -0.24540309427499277 0.613240340702341 -0.3097632000603968 0.0014091050335579224 0.012423393319512846 0.08668932266307679 0.20869049598282147 0.5719417605186831 -0.6107374144945298 -1.4192273946695546 0.31513144742239296 0.0581373352981528 -0.14510060534036442 -3.64150052865705e-05 -0.22236392484435846 -0.576763969035178 0.5667095816668652 -1.4211143881603376 -0.315846436157647 -0.06447998874461718 -0.14550354315070924 1.7640431923095072e-05 -0.005107383818962177 -0.00022494582170678532
-0.037139052767208025 0.00045684098189170886 1.05144963830769 0.0006770880988778137 -0.02878742082589613 -0.004585115699064206 0.9995748109410947 -0.014754989313718292 -0.052246637268180005 -0.24301578477938912 0.009285724780240907 -0.0024850178584807075 -0.2461400494160061 0.6132425586579285 -0.3095140489044368 0.0013981551614546646 0.01327770891947145 0.08603605720882085 0.20805244908813963 0.5720057594185461 -0.6124807985197973 -1.4192540793029198 0.31510546751028184 0.057891820145630817 -0.1450243650047427 -3.929279915581783e-05 -0.22263625309266225 -0.5771172106510541 0.5651966040299671 -1.421112722835274 -0.3158759655816544 -0.06472916413614688 -0.14548016149835746 1.7711750285296982e-05 -0.005167594182612284 -0.000235125389980754
-0.037119111086545066 0.0004543165924792899 1.0514382757526042 0.0006356241387939705 -0.028544129943401605 -0.004911654671823611 0.9995802640489222 -0.015733938377756114 -0.05566355346220974 -0.2435258350109862 0.00993379789871713 -0.002362199490040751 -0.24687622196404624 0.6132415159576916 -0.3092636416885061 0.0013745074238700784 0.014127341177207573 0.08538120216088793 0.20741270791980224 0.5720584243631064 -0.6142294342025769 -1.419277620349893 0.3150794752569098 0.05764539097919736 -0.14494831555390303 -4.221182823370768e-05 -0.22290869846523126 -0.5774743939306347 0.5636853481885428 -1.4211148107940317 -0.3159057278328507 -0.06497907102287245 -0.14546008618550058 1.7776294952107047e-05 -0.005227094687031092 -0.00024503122953797917
-0.037098235658336476 0.0004478812219743593 1.051425618737775 0.0005856442222328073 -0.028300411027308497 -0.0052391954158570115 0.9995855614142918 -0.01671682047882129 -0.05908902900546302 -0.2440336048473661 0.010582756402354513 -0.0022101753747451915 -0.2476115744865416 0.6132380141697745 -0.30901259825981103 0.0013383876088816635 0.014971284145973122 0.08472482977374131 0.2067709608783137 0.5721013974013097 -0.6159832393720909 -1.419298288616613 0.31505347669601774 0.05739808018958989 -0.1448723662652034 -4.517125236709772e-05 -0.22318014917608195 -0.5778389203674167 0.5621807724622282 -1.4211225670106606 -0.31593596196830837 -0.06522962083553221 -0.14544335136968425 1.783606472256658e-05 -0.00528571462321968 -0.0002546749254096609
-0.037076460980785694 0.00043753059397924474 1.0514116642714957 0.0005273244584783274 -0.02805643909732234 -0.005567485337300766 0.9995906968660285 -0.017703176858526154 -0.06252089031829305 -0.24453920775843435 0.011232144855486825 -0.0020294373844795717 -0.24834576779776796 0.6132323719450956 -0.3087612412170645 0.0012899228762389269 0.015808911436679833 0.0840673563200399 0.20612674467265754 0.5721362711098398 -0.6177418989387311 -1.419316463138868 0.3150274757745044 0.057149947011108204 -0.144796507368998 -4.816925923478534e-05 -0.2234503007246511 -0.5782105660577979 0.5606840576479178 -1.4211358938186827 -0.3159672263033354 -0.06548192499891733 -0.14542961791303122 1.78962345396423e-05 -0.0053433023652059795 -0.0002640720717480178
-0.03705394565595887 0.0004231689993205361 1.0513964907387425 0.00046071562853921 -0.027812787454692876 -0.005896615285354886 0.9995956515127935 -0.01869093957999369 -0.06595654582438445 -0.24504141717331798 0.011882175319911637 -0.0018199764014223876 -0.24907719870261272 0.6132240006391104 -0.3085094535659672 0.0012290142437797206 0.016640165279244726 0.083410779692923 0.20547951738545378 0.572164658870308 -0.619504260744635 -1.4193330519927558 0.3150014716132185 0.05690107850342979 -0.1447208283418349 -5.120668894531097e-05 -0.2237193346673936 -0.5785820802778838 0.559187209227393 -1.421149806319898 -0.31599740432948925 -0.06573202878675927 -0.1454183776602972 1.788004911379802e-05 -0.005400826259322963 -0.0002731885722381199
-0.03703074897355202 0.0004047493986855745 1.0513801492500279 0.0003859475274511614 -0.02756966645915628 -0.006226489566324232 0.9996004178488109 -0.01967954919367357 -0.06939393338187005 -0.24554015317366343 0.012532696925408295 -0.0015820848188731753 -0.24980523742278635 0.6132126378501099 -0.3082571963423821 0.0011556930406402264 0.017464843655045855 0.08275581776794515 0.20482884780057675 0.5721879201504155 -0.6212697768943138 -1.4193484960810572 0.3149754692414154 0.05665154843250319 -0.1446453726544063 -5.42812248152042e-05 -0.2239879154623889 -0.5789493557955592 0.5576872637153478 -1.4211622306181362 -0.3160268649969452 -0.06598112011224001 -0.14540908591479618 1.7802790859863136e-05 -0.005458275970586711 -0.000282030159200635
-0.037006893055284526 0.0003822500705186122 1.0513626850231654 0.00030318736904935006 -0.027327174497949153 -0.006556981513372988 0.9996049917866613 -0.02066866807639047 -0.07283144332049797 -0.2460356196219382 0.013183501619435207 -0.0013161992183841065 -0.2505295485766977 0.6131981174186593 -0.30800445555588607 0.001070057623653682 0.018282694701267806 0.0821027998137938 0.20417453108752515 0.5722071473880923 -0.6230380619082019 -1.4193630415300544 0.3149494664384097 0.05640139898291372 -0.1445701368171285 -5.7391081411669025e-05 -0.224256764728866 -0.5793097106469152 0.556182914138918 -1.4211722307990737 -0.3160558303520057 -0.06622988132672863 -0.14540138604283598 1.7678809441330077e-05 -0.00551558840793491 -0.0002905937528870187
-0.036982385189511933 0.0003556648025707999 1.0513441439441387 0.0002126220032277012 -0.02708537602389564 -0.006887967732520695 0.9996093702532223 -0.02165798004927078 -0.07626779057028396 -0.2465280424033896 0.013834390187192685 -0.0010228343338098567 -0.2512498777874257 0.6131802908137388 -0.30775122090439416 0.0009722454518983598 0.019093433558176144 0.08145192563256834 0.20351655548470554 0.5722232081216131 -0.6248087744690136 -1.4193768176048611 0.31492346288815903 0.05615067375906658 -0.14449509636790142 -6.053449064660265e-05 -0.2245264917216746 -0.5796612621180669 0.5546736744574713 -1.4211794471900312 -0.3160844285928139 -0.06647867171279453 -0.1453950354345308 1.7517252273909748e-05 -0.005572726635559285 -0.0002988764093842316
-0.036957227048427944 0.00032499762062538273 1.0513245739753483 0.00011444895246960012 -0.02684432731916473 -0.007219336658654697 0.9996135504135725 -0.02264717850474365 -0.07970191833886289 -0.24701759435419757 0.014485188013093899 -0.0007025496133706609 -0.2519659843664815 0.6131590034030178 -0.30749747787123355 0.0008624182431134562 0.019896760985791285 0.08080335146752009 0.2028550400457666 0.5722367900335849 -0.6265815768345494 -1.4193898713120439 0.31489746248448885 0.05589942603279963 -0.14442021622604412 -6.370956316020941e-05 -0.2247975698588008 -0.5800025916180483 0.5531594749363911 -1.4211837982805033 -0.31611273677118096 -0.06672767679342846 -0.14538986214087662 1.732463334966101e-05 -0.005629667687381079 -0.0003068777710392462
-0.036931418670057115 0.00029025971164748786 1.05130402406321 8.871929415926133e-06 -0.02660408388711253 -0.007550991036600337 0.9996175294462285 -0.02363597519472537 -0.08313293538453055 -0.2475043839257546 0.015135749294336769 -0.00035593197134558635 -0.2526776291582933 0.6131340987650635 -0.3072432094426026 0.0007407538577497419 0.020692380904567282 0.080157217221646 0.20219018240759085 0.5722484388826993 -0.6283561215086972 -1.419402188024883 0.3148714725709658 0.055647718621722 -0.1443454564372294 -6.691427831465262e-05 -0.2250703534737612 -0.5803325582457994 0.5516404484126578 -1.4211853200366311 -0.3161408024638982 -0.06697698745574242 -0.1453857402865834 1.7105663931988817e-05 -0.005686389513794483 -0.00031460008228573563
-0.03690496037638015 0.0002514675997010417 1.0512825415621034 -0.00010390106295268048 -0.026364701185999633 -0.007882848812691494 0.9996213045101321 -0.02462410550849052 -0.08656007654716187 -0.247988465337218 0.015785958437223854 1.6412218904992052e-05 -0.25338458546523623 0.6131054401070767 -0.30698840515496245 0.0006074421047057425 0.021480013554345413 0.07951365378989182 0.20152222251625987 0.5722585883313881 -0.6301320465726294 -1.4194137078918523 0.3148455025743826 0.055395621582389656 -0.14427077720110465 -7.014653678687168e-05 -0.22534509961785232 -0.5806501943228047 0.5501168105735275 -1.421184083049987 -0.31616865548067064 -0.0672266435408466 -0.14538257892021614 1.686381012064851e-05 -0.005742863007462059 -0.0003220476820015536
-0.03687785398033521 0.00020864211267245482 1.0512601684894707 -0.0002236578914884129 -0.026126232773015255 -0.008214843984388015 0.9996248727780587 -0.02561132949443286 -0.08998267900524516 -0.24846985660061732 0.016435731613714064 0.0004138590186870105 -0.25408666230064014 0.6130729450246414 -0.3067330763218017 0.00046268314392789974 0.02225940495777215 0.07887278471226937 0.20085141988792649 0.5722675837453569 -0.6319089725552912 -1.4194243438742065 0.3148195624154662 0.055143209484448494 -0.14419614482274418 -7.340422756268116e-05 -0.22562198618277116 -0.5809546488639753 0.5485887876314224 -1.4211801595717428 -0.3161963138338897 -0.06747665798610693 -0.14538031996966855 1.6601655530118383e-05 -0.005799046095352482 -0.0003292265007283398
-0.03685010382031646 0.0001618078938046781 1.051236936585055 -0.00035018106990208783 -0.025888726760744357 -0.00854692826137239 0.9996282315027025 -0.0265974307162186 -0.0934001699050554 -0.2489485639670645 0.017085020127949137 0.0008357640862752428 -0.25478373834018997 0.6130366333541238 -0.30647727701378125 0.00030668786312650835 0.023030335127994662 0.07823472671643122 0.20017804118293114 0.5722757033912473 -0.633686499249099 -1.4194340075612677 0.31479366053093416 0.0548905581675875 -0.14412153975390515 -7.668530962666558e-05 -0.2259011274273499 -0.5812451624040686 0.547056569750404 -1.421173630034604 -0.3162237859091719 -0.06772702900827134 -0.14537894382840766 1.6321135228557104e-05 -0.005854878229542793 -0.0003361436131562268
-0.03682171766681786 0.00011099333305894171 1.0512128609388798 -0.00048324524409843134 -0.025652219576600778 -0.008879074097629511 0.9996313781329579 -0.02758221590224362 -0.09681206295157632 -0.24942461888778353 0.017733816692514393 0.0012814555189438461 -0.25547581044303547 0.6129966899143751 -0.3062211307347444 0.00013968000087260068 0.023792628557106208 0.07759958835434642 0.19950235522481044 0.5722831818469097 -0.6354642048182189 -1.4194426508160936 0.3147678009310899 0.05463773957963825 -0.14404696790041943 -7.998793635247535e-05 -0.2261825940198652 -0.5815210677335414 0.5455202842569976 -1.4211646309262838 -0.3162510694020082 -0.06797774243838255 -0.14537848281123936 1.602366907245988e-05 -0.005910277241707971 -0.00034280660168707156
-0.03679270701467702 5.6230902142584806e-05 1.0511879317867354 -0.0006226132821076253 -0.02541672372078502 -0.009211278867177855 0.9996343105604335 -0.028565526160683596 -0.10021796138479756 -0.24989814283375864 0.018382164177388426 0.0017502220027535414 -0.2561630667054308 0.6129535453180797 -0.30596486261693095 -3.809990664855082e-05 0.024546172116472663 0.07696745991644988 0.19882463063082145 0.5722902427310845 -0.6372416540163603 -1.4194503337751818 0.3147419778334206 0.054384811624413394 -0.1439724762532237 -8.33109923416208e-05 -0.2264664540812795 -0.5817818209318699 0.5439799984016411 -1.4211534574750357 -0.3162781470775945 -0.06822876139611644 -0.14537904444103017 1.571035246567721e-05 -0.00596515116957519 -0.00034922178353998803
-0.036763085398076954 -2.441864097288296e-06 1.0511621036050747 -0.0007680304144461319 -0.025182201167303988 -0.009543566810674826 0.9996370277286561 -0.02954730763633784 -0.10361755941661731 -0.2503694763121826 0.019030160189923897 0.00224129407483851 -0.25684600789396245 0.6129079819675678 -0.30570883709935176 -0.00022638802331552668 0.02529094889741734 0.07633837680431106 0.1981451208681067 0.5722971525378148 -0.6390184290670291 -1.4194573354209157 0.3147161691727845 0.05413180014077208 -0.14389817015008372 -8.665422957673662e-05 -0.22675287701757524 -0.5820270822441832 0.5424357878940654 -1.4211407579268431 -0.31630497742667146 -0.06847999542376931 -0.14538084039567586 1.538186114049312e-05 -0.0060194857340680205 -0.0003553895552480833
-0.036732862560369985 -6.497934881328812e-05 1.051135278920833 -0.0009192143584308085 -0.024948501791878824 -0.009875965204367933 0.9996395313384651 -0.03052799937945269 -0.10701059744606208 -0.25083946633042525 0.01967791076401963 0.0027538098610818745 -0.2575256762504555 0.6128612877479057 -0.3054536057538917 -0.00042488528183105324 0.026027078209808877 0.0757122243981347 0.19746399967471773 0.5723043205241433 -0.6407942153093888 -1.4194644045052744 0.3146904294696486 0.05387877477700761 -0.14382398431410856 -9.001553289423506e-05 -0.22704240633443204 -0.5822569109985744 0.5408879748589458 -1.421128048858591 -0.31633158678970336 -0.06873142714391788 -0.1453836836993903 1.5044652084849361e-05 -0.006073803721727193 -0.0003612682524564721
-0.036702053830276776 -0.00013134097058779153 1.0511073973737166 -0.001075908594063947 -0.02471557409000841 -0.01020851459401868 0.9996418203776202 -0.03150757393787986 -0.11039685397252089 -0.2513084897349783 0.020325544608891032 0.0032869894649947915 -0.25820267817612685 0.6128143805093846 -0.3051995885180092 -0.0006333210604919203 0.02675459924174522 0.07508901711261441 0.196781496874581 0.572311965608581 -0.6425686029298221 -1.4194718595050728 0.3146647386229139 0.05362575622095457 -0.14375004062878932 -9.339153761860456e-05 -0.2273352010640794 -0.5824710552004083 0.5393365660811433 -1.4211159992484872 -0.316357924940711 -0.06898297121721109 -0.1453878018003388 1.4698083726418072e-05 -0.00612809670493778 -0.00036685935864473135
-0.03667067409686027 -0.00020148854019185977 1.0510784229817605 -0.0012378744663891833 -0.024483406883249893 -0.010541242057617159 0.9996438929289156 -0.03248593090927529 -0.11377609274146644 -0.2517767150131761 0.02097316054908453 0.003840107471691087 -0.25887738767873253 0.612767928752224 -0.30494710744273945 -0.0008514436662919306 0.02747350067924508 0.07446880396002635 0.1960978383456494 0.5723202074433347 -0.6443411722850433 -1.4194798160316473 0.31463909040193483 0.05337279315757557 -0.1436764123371853 -9.67787796321056e-05 -0.22763129359470086 -0.5826691305689187 0.5377814877500658 -1.4211049060518863 -0.31638396509781375 -0.06923460054898437 -0.14539333453723097 1.4342213860236912e-05 -0.006182276163246749 -0.00037216949076463373
-0.03663873563153022 -0.00027538558182669246 1.0510483373512256 -0.0014048873816150597 -0.024252005995623 -0.010874161463977497 0.9996457468068819 -0.03346296622892938 -0.11714806013306377 -0.2522442109318558 0.021620828496139406 0.004412480811906985 -0.25955003873805377 0.6127224169775087 -0.3046964063054955 -0.0010790161015397806 0.028183749037336683 0.07385163271498481 0.19541323358928808 0.5723291108964091 -0.6461115262995981 -1.4194882756342715 0.3146134865026435 0.05311994562522739 -0.14360313770147193 -0.00010017380947023482 -0.22793068559410082 -0.582850693026711 0.5362226634403622 -1.4210948588969046 -0.3164096945159019 -0.06948631328217837 -0.14540035905493742 1.397750388344796e-05 -0.00623626086702916 -0.0003772062127494526
-0.03660624778231344 -0.0003529970945737548 1.0510171352942312 -0.0015767344462619408 -0.024021384309384972 -0.011207277052685975 0.9996473798022036 -0.03443858000446456 -0.12051248995427882 -0.2527109966387768 0.022268596905563542 0.005003461617896026 -0.2602207734580849 0.6126781886959354 -0.3044476653511591 -0.001315813584018977 0.028885303602223227 0.07323754006470189 0.19472787854446488 0.5723387099402525 -0.6478793017469195 -1.4194971795649272 0.3145879327194587 0.05286727595478194 -0.14353023261447864 -0.00010357318607155512 -0.22823338443921262 -0.5830152726673069 0.5346600360917955 -1.421085831263913 -0.31643510782056516 -0.06973811763939694 -0.14540891071387066 1.3604546112801149e-05 -0.006289990006376948 -0.00038197683576601864
-0.03657321739028353 -0.00043428941537898395 1.0509848217553666 -0.0017532127956159768 -0.023791557377873685 -0.011540586327697222 0.9996487897805116 -0.035412675496548356 -0.12386910775858472 -0.2531770665444618 0.02291649878534952 0.005612432265086242 -0.26088966984642287 0.6126354771030433 -0.3042010129633962 -0.0015616218357265006 0.02957812338578016 0.07262655174768592 0.19404196065665896 0.5723490205783616 -0.6496441702884557 -1.4195064418396723 0.3145624369144841 0.05261484474673189 -0.14345769931212088 -0.00010697339443111297 -0.2285394166369956 -0.5831623901935354 0.5330935678916272 -1.421077735005927 -0.31646020331968644 -0.06999002561394867 -0.145418996671513 1.3223827042797184e-05 -0.006343421619176675 -0.0003864881664015586
-0.036539649434869266 -0.000519230093545605 1.0509514096495385 -0.0019341283971820963 -0.02356254160086044 -0.011874081304644048 0.9996499747280653 -0.03638516327463953 -0.1272176324904268 -0.2536424030816812 0.02356455435857935 0.006238801805777979 -0.2615567582671876 0.6125944269369683 -0.30395653472051837 -0.0018162358605988392 0.03026216829004292 0.0720186860116897 0.19335566344545224 0.5723600473001332 -0.6514058346253541 -1.4195159682365013 0.31453700581184363 0.052362708720800094 -0.14338553151364314 -0.00011037216334691169 -0.22884883057201855 -0.5832915642818424 0.5315232315198521 -1.4210704520053983 -0.3164849843828614 -0.07024205109416212 -0.14543060488923143 1.2836301138015703e-05 -0.006396528734093437 -0.0003907456218705263
-0.03650554751495642 -0.0006077878236957126 1.0509169181113949 -0.002119295013740617 -0.02333435315950264 -0.012207750555788365 0.9996509327648527 -0.03735595448734709 -0.13055777989901343 -0.25410698363809703 0.024212775300355358 0.006882002947739358 -0.2622220339079747 0.6125551123911462 -0.3037142809766232 -0.002079458904172481 0.03093740238694019 0.0714139561907188 0.19266916834373754 0.5723717876191047 -0.6531640250053442 -1.4195256673410916 0.31451164621886685 0.052110920701038156 -0.1433137189335485 -0.0001137672664191724 -0.2291616978751259 -0.583402315679884 0.5299490012503335 -1.4210638542175706 -0.31650945563285166 -0.07049420947650087 -0.14544371045064255 1.2442761507431467e-05 -0.006449294882279571 -0.00039475406739565853
-0.03647091425063622 -0.0006999323593303576 1.05088137112878 -0.002308533380649073 -0.023107007302678475 -0.012541580259125098 0.9996516621562475 -0.03832496015933527 -0.13388926392911768 -0.2545707852446892 0.024861166960980906 0.007541489601841917 -0.26288546610308317 0.612517551139179 -0.3034742729956566 -0.0023511016025972694 0.03160379512982987 0.07081237243125044 0.1919826556592381 0.5723842347317049 -0.6549184954837693 -1.4195354563087854 0.3144863647558067 0.051859529514397325 -0.14324224982149225 -0.00011715650963555365 -0.22947811284480654 -0.5834941693210616 0.5283708441866525 -1.4210578151981887 -0.3165336223902342 -0.07074651829577834 -0.14545827995952973 1.2043844894509639e-05 -0.006501710757673741 -0.0003985178525270988
-0.036435751599548045 -0.0007956344275791693 1.0508447964682992 -0.002501670542843596 -0.022880517929888097 -0.012875554893080439 0.9996521613191013 -0.03929209117794527 -0.13721179743362755 -0.2550337872946251 0.025509729862517636 0.008216734881680256 -0.263547005258823 0.6124817154252842 -0.3032365079563321 -0.0026309812796839085 0.03226132208694435 0.0702139429027376 0.19129630460438332 0.5723973792257221 -0.6566690205669965 -1.4195452634086627 0.3144611676393516 0.05160858013302565 -0.14317111262632087 -0.00012053772495434668 -0.22979819117877423 -0.5835666553408848 0.5267887121790861 -1.4210522159929981 -0.3165574904581846 -0.07099899796970391 -0.1454742744770528 1.1640052780845917e-05 -0.006553771889616406 -0.00040204085440701133
-0.03640006109554725 -0.0008948656431508451 1.0508072248222229 -0.0026985393155309545 -0.02265489734684402 -0.013209657720417005 0.9996524288244769 -0.04025725824746493 -0.14052509250929565 -0.25549597303335936 0.026158460760015198 0.008907229450364734 -0.2642065880969679 0.6124475409173853 -0.3030009630565911 -0.0029189213531074475 0.03290996553017115 0.06961867454043942 0.19061029266191024 0.5724112102704155 -0.6584153924175131 -1.4195550286976877 0.31443606055990964 0.05135811388757946 -0.14310029707318456 -0.00012390876519265739 -0.23012206851095776 -0.5836193096075661 0.5252025346473932 -1.4210469472803327 -0.31658106598967584 -0.07125167259642644 -0.14549165143737447 1.1231779382941558e-05 -0.006605477044779848 -0.0004053265158730779
-0.03636384402709338 -0.0009975984173869945 1.050768689126724 -0.002898977843182939 -0.022430156122487603 -0.013543871121620579 0.9996524633985686 -0.041220371768233746 -0.14382886056317062 -0.2559573303309496 0.026807353391031415 0.009612480136639793 -0.2648641416841962 0.6124149338160984 -0.3027675988854095 -0.003214750820237603 0.03354971498735888 0.06902657342006838 0.18992479448219618 0.572425716507935 -0.6601574186116748 -1.419564703688152 0.31441104860929125 0.051108168674614644 -0.14302979485445044 -0.00012726750066932439 -0.2304498989355653 -0.5836516741104979 0.5236122122111989 -1.421041908959409 -0.3166043554187426 -0.07150457075433826 -0.1455103658167211 1.081934002138997e-05 -0.006656827160394085 -0.0004083778743561956
-0.036327101575267126 -0.0011038058586330833 1.0507292240156125 -0.003102829238101604 -0.022206303014093785 -0.013878176822096562 0.9996522639224402 -0.04218134166865313 -0.1471228121720046 -0.25641785204881534 0.027456399004339303 0.010332008762182439 -0.2655195865460259 0.6123837765767027 -0.3025363621871468 -0.003518303800783009 0.03418056782616602 0.06843764488535369 0.1892399804087372 0.5724408867667135 -0.6618949203627975 -1.4195742505598723 0.3143861362328506 0.05085877912678541 -0.14295960007289432 -0.00013061181802750095 -0.23078185354585193 -0.5836632974101142 0.5220176109152099 -1.421037007911562 -0.3166273654370341 -0.07175772628681036 -0.1455303707467203 1.040299783558034e-05 -0.006707824667964094 -0.000411197581663672
-0.036289834930477514 -0.0012134616602075918 1.0506888653828879 -0.0033099412843083306 -0.021983344945833483 -0.014212556050356446 0.9996518294307285 -0.04314007722783354 -0.15040665677731804 -0.25687753620014486 0.02810558674383806 0.011065351134832915 -0.2661728390673201 0.6123539325121916 -0.30230718811372415 -0.0038294191175289793 0.03480252992652027 0.06785189353452334 0.18855601465004682 0.5724567106738707 -0.6636277311068043 -1.4195836412676752 0.3143613271906903 0.05060997673531725 -0.14288970953143798 -0.00013393962156225123 -0.23111811892648185 -0.583653735294017 0.5204185568204098 -1.4210321543471955 -0.3166501029983165 -0.07201117906925851 -0.14555161770633585 9.982988392730243e-06 -0.006758473103099937 -0.000413787915842246
-0.036252045405647894 -0.0013265399720493712 1.0506476500334723 -0.0035201661957700086 -0.021761287036932846 -0.014546989661099047 0.9996511591091415 -0.044096486926911996 -0.15368010224690398 -0.2573363860333183 0.028754903956680414 0.011812056171450844 -0.2668238133213116 0.6123252494861473 -0.3020800020392529 -0.004147939898940274 0.035415616496808806 0.06726932315089132 0.1878730530565533 0.572473179227299 -0.6653556953547193 -1.4195928567668141 0.31433662451849137 0.05036178992301108 -0.14282012293239243 -0.0001372488376135792 -0.23145889547213955 -0.5836225517715733 0.5188148307541594 -1.421027256930115 -0.3166725753343273 -0.07226497575726146 -0.1455740563871949 9.55954172871524e-06 -0.006808776925473833 -0.0004161507865948113
-0.036213734563139505 -0.0014430152516701578 1.0506056154055734 -0.0037333604203837203 -0.021540132684475483 -0.014881458256961511 0.9996502522902962 -0.045050478362876435 -0.15694285432634877 -0.2577944101145187 0.029404336493970173 0.012571685120290152 -0.26747242242510083 0.6122975628643447 -0.30185472099817756 -0.0044737131886906185 0.036019853090942335 0.0666899366496295 0.1871912404136396 0.5724902853852313 -0.6670786677278001 -1.4196018864984332 0.31431203048205153 0.050114244069825856 -0.1427508430266709 -0.00014053742311886139 -0.23180439534045466 -0.5835693205589119 0.5172061630503897 -1.421022216710062 -0.3166947899629114 -0.07251917050559874 -0.14559763429976086 9.132900353044303e-06 -0.006858741495837803 -0.00041828773593813307
-0.03617490437296175 -0.0015628620890930272 1.0505627993508013 -0.003949384482725361 -0.021319883713990014 -0.015215942342563592 0.9996491084471877 -0.04600195827105189 -0.16019461599856694 -0.25825162244380345 0.030053869071723676 0.013343810855990049 -0.26811857948578505 0.6122706978687072 -0.30163125480043074 -0.004806589547090404 0.03661527688053339 0.06611373610592987 0.18651070712542706 0.5725080247346896 -0.6687965121032486 -1.4196107282260748 0.314287546522181 0.04986736149540187 -0.14268187573666138 -0.00014380338017230417 -0.23215483977207713 -0.5834936272611053 0.5155922281684251 -1.4210169197768436 -0.3167167546621298 -0.07277382562785803 -0.14562229616935077 8.703329674026488e-06 -0.006908373171589666 -0.00042019993634649183
-0.03613555742146641 -0.0016860549990465813 1.0505192399599756 -0.00416810285928532 -0.02110054062315403 -0.015550422547577991 0.9996477271832096 -0.046950832701105435 -0.16343508677203672 -0.2587080425828419 0.030703485765600898 0.014128017220588387 -0.26876219816398056 0.6122444714628653 -0.3014095068758657 -0.0051464226278190445 0.037201938232988216 0.06554072294023706 0.18583156513523336 0.5725263963045883 -0.6705091008029158 -1.4196193882810468 0.31426317318896835 0.04962116140650051 -0.14261323026300596 -0.0001470447796040566 -0.23251045541093496 -0.5833950725575282 0.5139726391627102 -1.4210112284687912 -0.3167384773683973 -0.07302901212882071 -0.1456479831606518 8.271113619472708e-06 -0.006957679492982253 -0.0004218881896552247
-0.03609569719247889 -0.0018125681713696074 1.050474975423657 -0.004389383879331856 -0.02088210296125649 -0.015884879959942543 0.9996461082171698 -0.04789700737984673 -0.1666639619338711 -0.2591636956938989 0.03135317072119278 0.014923898379585177 -0.26940319283665093 0.612218693894964 -0.301189374906979 -0.005493068709442848 0.03777990263407478 0.06497089836334026 0.18515390291333833 0.5725454035888414 -0.6722163137541207 -1.4196278822490656 0.3142389100674286 0.04937565982452171 -0.14254491917328163 -0.0001502597981046897 -0.23287146911938747 -0.5832732768686205 0.512346942116865 -1.4210049709316226 -0.3167599659263185 -0.07328480997387939 -0.1456746319671637 7.836521989954927e-06 -0.0070066694365508945 -0.0004233529318263285
-0.03605532844626789 -0.0019423751667195894 1.0504300439168952 -0.004613099641784919 -0.02066456991171551 -0.016219296615020817 0.9996442513611393 -0.04884038825519548 -0.1698809318449091 -0.259618612271479 0.03200290917044075 0.015731058149760148 -0.2700414782826483 0.6121931700325848 -0.30097075132741996 -0.005846386153348675 0.03834925296503963 0.06440426423023113 0.18447777935014953 0.5725650558308969 -0.6739180375387365 -1.4196362361026862 0.3142147557002088 0.04913086952223379 -0.1424769584573172 -0.0001534467747398199 -0.23323810058918698 -0.5831278872799388 0.5107146109111403 -1.4209979288564256 -0.31678122755921717 -0.07354130783479203 -0.14570217381069023 7.399726234108452e-06 -0.007055353708647969 -0.0004245942516423093
-0.03601445772608162 -0.0020754485387599426 1.050384483497808 -0.00483912593210429 -0.0204479411868706 -0.016553656200203788 0.9996421564879289 -0.04978088203719082 -0.1730856814566934 -0.26007282713050184 0.03265268887124507 0.01654910923080407 -0.2706769687182952 0.6121677006498063 -0.3007535238012366 -0.006206234745741724 0.03891009211413956 0.06384082454218581 0.1838032164263969 0.572585369576985 -0.6756141642044303 -1.4196444877417096 0.3141907075130893 0.0488868000235609 -0.14240936751537767 -0.00015660429090541683 -0.2336105517816111 -0.5829585880094864 0.5090750431563057 -1.4209898233826768 -0.3168022678136198 -0.07379860181481679 -0.14573053342658104 6.960626721638158e-06 -0.007103745053930527 -0.0004256119346315799
-0.03597309402376134 -0.0022117593533594448 1.050338332008342 -0.0050673421098043755 -0.02023221839502389 -0.016887945041419633 0.9996398234839567 -0.05071839630277249 -0.17627789040943512 -0.26052637692501207 0.033302502100382436 0.017377672222279174 -0.27130957589788923 0.6121420838825063 -0.3005375758646094 -0.006572474855282617 0.039462545847102765 0.06328058794113318 0.18313019059719524 0.5726063704035482 -0.6773045896349076 -1.4196526888180472 0.3141667617219677 0.04864345774975669 -0.14234216901216365 -0.00015973126044830426 -0.23398899190797318 -0.5827651166088427 0.5074275590125101 -1.42098029955475 -0.3168230884975367 -0.07405679214812096 -0.14575962818705132 6.518544707376857e-06 -0.007151858556715396 -0.0004264055420209875
-0.03593124962319188 -0.0023512765502146107 1.0502916269567042 -0.005297630908611165 -0.02001740702362565 -0.01722215331820907 0.999637252185957 -0.051652839541579766 -0.17945723412830422 -0.2609792955083432 0.03395234809190076 0.018216374191546456 -0.2719392060515361 0.6121161172072428 -0.3003227880236192 -0.006944966283961007 0.04000676559126906 0.06272357143011566 0.18245862290487214 0.572628094515109 -0.6789892112050319 -1.4196609065085188 0.3141429130635799 0.04840084639642047 -0.14227538848311547 -0.00016282690518571247 -0.23437353641396902 -0.5825472898361279 0.5057714065704845 -1.4209689107669177 -0.3168436840103091 -0.07431597638427932 -0.14578936739602452 6.072082774642853e-06 -0.007199711727288415 -0.00042697446794520444
-0.03588894122152715 -0.0024939660864441433 1.0502444053855748 -0.005529878179352457 -0.019803519207642846 -0.01755627573686401 0.999634442312071 -0.052584128950377035 -0.18262338404405984 -0.261431607368096 0.03460223436841656 0.0190648468077575 -0.2725657551208673 0.6120895999198744 -0.30010903947826756 -0.0073235667890531085 0.04054292884698603 0.062169805912750044 0.18178836847084676 0.5726505898102411 -0.6806679243361747 -1.4196692252468979 0.31411915776775917 0.048158968380499434 -0.1422090544502483 -0.00016589117108160942 -0.2347642165528821 -0.5823050423395353 0.5041057797844278 -1.4209551021603377 -0.31686405581269816 -0.07457625533075765 -0.1458196642837155 5.627960527046145e-06 -0.007247325348527008 -0.0004273186531542187
-0.03584619137671206 -0.0026397897559282827 1.0501967036016384 -0.005763972107047476 -0.019590578447083246 -0.017890313295611124 0.9996313933404867 -0.05351218461836928 -0.18577601531268614 -0.2618833113562182 0.035252180235679866 0.01992272261703913 -0.27318910061227364 0.6120623385072325 -0.29989621221965945 -0.007708129677938542 0.04107123722306958 0.06161934697926381 0.18111921062892997 0.5726739146146094 -0.682340616881216 -1.4196777478310199 0.31409549143796145 0.047917826152907204 -0.14214319699951714 -0.00016892442509337238 -0.23516093439632701 -0.5820384884367656 0.5024298462997008 -1.4209382073425654 -0.31688419059644896 -0.07483770125771184 -0.14585042750804147 5.1935974519852805e-06 -0.007294724201691466 -0.0004274389703785791
-0.03580303002414341 -0.0027887033699217664 1.0501485566928954 -0.005999801792324691 -0.0193786254501045 -0.018224273835388657 0.9996281043954748 -0.05443692892842657 -0.18891481952751013 -0.2623343587193591 0.035902217848851045 0.02078962868343186 -0.2738090917389868 0.6120341556934843 -0.2996841982278446 -0.008098500032981666 0.04159190708997367 0.061072287379909586 0.180450861307148 0.5726981321771621 -0.6840071624572132 -1.419686594153196 0.31407191059471146 0.04767742532670425 -0.1420778461221563 -0.00017192756576267008 -0.23556339804326265 -0.5817480287543569 0.5007428211125962 -1.4209174618320357 -0.31690405255995135 -0.07510032667571831 -0.14588156949787526 4.777421813367274e-06 -0.007341938482870841 -0.000427338206514674
-0.03575949568688825 -0.002940653935639699 1.0500999976128125 -0.00623725454313206 -0.01916772522304263 -0.018558171237749013 0.9996245741506401 -0.05535827824752826 -0.19203953143009594 -0.2627846214159177 0.03655239061695549 0.021665175250586404 -0.2744255384733003 0.612004906625556 -0.2994729123398118 -0.0084945085205248 0.042105149099068415 0.06052877075267022 0.17978297586987058 0.5727232972165641 -0.685667413359915 -1.419695895671262 0.3140484145797273 0.04743777922544683 -0.14201302886219042 -0.00017490193416068702 -0.23597103061494556 -0.5814345312768947 0.49904411474318133 -1.420892055056308 -0.31692356805228306 -0.07536402506123899 -0.14591302093782654 4.389428159491691e-06 -0.007389008460950625 -0.00042702247519860794
-0.03571563518086965 -0.00309557511177286 1.0500510552912783 -0.00647621069512718 -0.018957972991788273 -0.018892021640646687 0.9996208008407009 -0.05627611955393246 -0.19514998210084986 -0.2632338554019442 0.037202745853107164 0.022548934969024947 -0.27503820712799465 0.6119745089830665 -0.2992623147138013 -0.008895960829783736 0.04261113018639242 0.0599889977406796 0.17911519454790661 0.5727494292153998 -0.6873211983868083 -1.4197057818862613 0.31402500798702715 0.04719891421151645 -0.14194876412438737 -0.00017784907832975278 -0.23638284927433464 -0.5810996448862971 0.497333625323554 -1.4208612615482232 -0.3169425974540273 -0.07562846072133665 -0.1459447575395392 4.041803581302548e-06 -0.007435997163357253 -0.0004265030146893121
-0.03567149879979219 -0.003253379650145677 1.0500017505608277 -0.006716533691874024 -0.018749490807780024 -0.019225833611586824 0.9996167826179962 -0.05719026581642267 -0.19824619977591465 -0.2636816829187688 0.03785331601349778 0.02344040406756987 -0.2756468461069602 0.6119430005023035 -0.2990524488946907 -0.009302619066212547 0.04310991397542646 0.05945319669185326 0.1784472230119717 0.5727764660197748 -0.6889683404841481 -1.4197163508059185 0.3140017028673394 0.04696087221948468 -0.1418850523273308 -0.00018077036537186527 -0.23679732774390044 -0.5807463522973102 0.49561231218114266 -1.4208247304956096 -0.3169608840290321 -0.07589286311470493 -0.1459768500943281 3.749452939042607e-06 -0.00748301886614421 -0.0004257972437051386
-0.035627123600913135 -0.003413946345630866 1.049952087102955 -0.006958050863806997 -0.018542390593683088 -0.019559584243869083 0.9996125189009264 -0.05810042465509309 -0.2013285872991663 -0.2641276788403147 0.03850407372743768 0.024338927871298578 -0.27625130925292385 0.6119106516787142 -0.2988435040025565 -0.009714167849553642 0.04360138886312142 0.058921477949984175 0.177778944320317 0.5728041933447877 -0.690608732246981 -1.419727602334528 0.3139785175440071 0.04672369855229186 -0.14182185144923326 -0.0001836666686168605 -0.23721231866355785 -0.5803799629052242 0.4938833319529804 -1.420783089647136 -0.31697795964470243 -0.07615563927741636 -0.14600955919332934 3.5299550650139752e-06 -0.007530276899568981 -0.0004249245894794305
-0.03558248630845106 -0.003577095835436589 1.0499020306518616 -0.007200515084211287 -0.018336631056119455 -0.01989314715546205 0.9996080147939416 -0.05900650031687378 -0.20439817598209092 -0.2645718512512816 0.0391547961965913 0.025243551368560144 -0.2768519706836639 0.61187819331453 -0.29863591106503967 -0.010130149579971244 0.04408522080733602 0.05839332679651496 0.177110459132859 0.5728321581528769 -0.6922425691525756 -1.4197392653324428 0.31395546112043315 0.046487380653822616 -0.14175901263546412 -0.00018653934474256972 -0.23762530477133545 -0.5800099454037699 0.4921543778018861 -1.4207391895609998 -0.31699300347237963 -0.0764138077949816 -0.14604350190696821 3.4069207161449347e-06 -0.007577943375326611 -0.00042388556737822506
-0.03553736716498713 -0.0037425354974894454 1.049851453994559 -0.007443517769624483 -0.018131506157036802 -0.020225985119338943 0.9996032973403214 -0.05991123570050405 -0.2074566913448435 -0.265016663132875 0.03980447721848671 0.02615267160446945 -0.27745111228584046 0.6118473429588244 -0.29843049698077395 -0.010549822001089743 0.04456078351248003 0.05786576877894251 0.17644165241318316 0.5728596444299221 -0.6938712119706504 -1.4197501947532223 0.313932571580113 0.04625189360675667 -0.14169626063710666 -0.00018938564673755967 -0.23803449072579194 -0.579654354032183 0.49044564167781757 -1.420701853803487 -0.3170097791995977 -0.07667338024012081 -0.14607954007594778 3.565352730976202e-06 -0.007624411941445124 -0.0004228049006593651
-0.03549175779632664 -0.003910105802240833 1.0498003298382093 -0.0076868347711362564 -0.017927016534376863 -0.02055800580081679 0.9995983708704567 -0.06081436952282559 -0.21050505768876399 -0.26546199166549067 0.040452957902912486 0.027065429424844623 -0.278048980820495 0.6118187470501667 -0.29822765070449436 -0.010972775236561438 0.04502777320371795 0.05733849154063993 0.17577266086527846 0.5728862330206573 -0.6954947620618357 -1.419760186267818 0.31390982686194735 0.0460172151240636 -0.14163347813806892 -0.0001922026124293239 -0.23843752519132735 -0.5793215071202075 0.48876350882119035 -1.4206733533421088 -0.31702710231423586 -0.07693099052059177 -0.14611803854628067 3.906414286375439e-06 -0.007669936277953927 -0.00042166107965038474
-0.03544571096943964 -0.0040797168537260765 1.0497486706669734 -0.007930329797601554 -0.017723309866770794 -0.020889220644767285 0.9995932345797074 -0.06171552453889178 -0.21354348790873137 -0.26590731316058214 0.041100271104446286 0.027981321473512302 -0.27864530620179884 0.6117925594935305 -0.2980274956038237 -0.011398769944391207 0.04548612108106454 0.05681181955967765 0.17510340108250635 0.5729117735196143 -0.6971130126506625 -1.4197693198902985 0.31388723074909153 0.04578338530947047 -0.14157065711298877 -0.00019498756480170075 -0.2388325995886528 -0.5790150069992498 0.4871094147833898 -1.420653553024942 -0.3170443302198776 -0.07718499627795518 -0.1461590345879877 4.345314569010669e-06 -0.007714779545280583 -0.00042045880823567356
-0.0353992893871999 -0.004251320617760734 1.0496965061617005 -0.00817391178290364 -0.01752053081302666 -0.02121967156575696 0.9995878869338286 -0.06261446586405803 -0.21657178472767907 -0.26635219331480237 0.04174650431138162 0.02890003275164319 -0.27923973874450037 0.6117686886157552 -0.29782999703435753 -0.011827663482773148 0.04593594893393495 0.05628616799201868 0.17443361139061503 0.5729362874266353 -0.6987257020469246 -1.4197777699275733 0.31386478659009587 0.04555043963708394 -0.14150782931854783 -0.0001977368348502255 -0.23921867062639537 -0.5787358230064826 0.4854824468405384 -1.4206413057733136 -0.3170611311462602 -0.07743475908278863 -0.14620240722165914 4.817833946502079e-06 -0.007759093103043317 -0.0004192028979351607
-0.03535254765447026 -0.004424895388302674 1.049643873068399 -0.008417513035938304 -0.017318783866967266 -0.021549405956843213 0.9995823269258847 -0.06351104157530088 -0.21958954890276425 -0.2667963648931566 0.04239175362232314 0.02982135062449094 -0.2798319763892892 0.6117469220227726 -0.2976350332183995 -0.012259370052126572 0.046377489356643174 0.05576188723898724 0.1737629747227945 0.5729598877543518 -0.7003325961500987 -1.4197857318859142 0.31384249201881004 0.045318395815462806 -0.14144503993899488 -0.0002004467833667293 -0.239595340542161 -0.5784834463622222 0.48388063087914446 -1.4206351359435427 -0.31707734536675825 -0.07768016694624098 -0.1462479721306629 5.278469038451004e-06 -0.007802962068305568 -0.00041789284107233635
-0.03530552741921573 -0.0046004363404037255 1.0495908103915594 -0.008661077523877386 -0.017118131834335998 -0.021878465615006195 0.9995765543673785 -0.06440512699195834 -0.22259629925875943 -0.267239698310387 0.04303610328308306 0.030745117958335195 -0.28042178881173213 0.6117269930826864 -0.29744244009615894 -0.01269383782823539 0.04681101629140179 0.05523923443595875 0.17309120819118182 0.5729827245863649 -0.7019335071196457 -1.4197933902380449 0.3138203404958579 0.04508725717444285 -0.1413823367198877 -0.0002031140788254394 -0.2399626780882893 -0.5782565563647423 0.48230159731529715 -1.4206335714539624 -0.3170929083533849 -0.07792137580425862 -0.1462955290829579 5.696988515110638e-06 -0.007846439592170663 -0.0004165238387248627
-0.03525825767198766 -0.004777949547694467 1.0495373570234392 -0.00890455449040154 -0.016918604269168813 -0.022206882073306764 0.9995705698586234 -0.06529659955055754 -0.22559153708897411 -0.2676821543362057 0.04367961703945684 0.031671206836052374 -0.28100900943231016 0.6117086175036227 -0.2972520387002838 -0.013131035349903696 0.04723679943725736 0.054718384593014986 0.17241810836335358 0.5730049527573325 -0.7035282890856775 -1.4198009041514625 0.3137983236689893 0.04485701904380454 -0.1413197648656464 -0.0002057358063643563 -0.24032106171131487 -0.5780534126978472 0.48074292676012814 -1.420635293965901 -0.31710780762382684 -0.07815866773126018 -0.14634488536616133 6.054984567456112e-06 -0.0078895630158587 -0.00041508875594202483
-0.03521075681849479 -0.004957448093518314 1.0494835505416622 -0.00914789500621448 -0.01672020710575767 -0.022534675558394637 0.9995643746596683 -0.06618533179057806 -0.22857477886836305 -0.2681237439757663 0.04432233629440519 0.03259950364584801 -0.281593520409838 0.6116915138135488 -0.29706365120593187 -0.013570943202772114 0.04765507977359373 0.0541994506518416 0.17174356502393284 0.5730267151721857 -0.7051168277677201 -1.4198084024584348 0.31377643319127174 0.04462767412528132 -0.14125736455587706 -0.00020830946971939045 -0.24067106009396905 -0.577872089293381 0.47920232488838116 -1.4206391943999916 -0.31712205814377303 -0.07839237276087228 -0.14639586666383334 6.342827078007659e-06 -0.007932360522936839 -0.00041357967280486555
-0.03516303510969023 -0.005138949484480339 1.0494294265941604 -0.009391050167684422 -0.016522930771646623 -0.022861855896034965 0.9995579705452067 -0.06707119218144182 -0.2315455715693132 -0.2685645003375245 0.044964281965912054 0.03352990063238927 -0.28217523888050305 0.6116754148034127 -0.29687710982614934 -0.014013548834622686 0.04806605953455015 0.0536825021135069 0.1710675569353761 0.5730481359724318 -0.7066990303902626 -1.4198159836547464 0.31375466182021516 0.04439921604522532 -0.1411951698342752 -0.00021083293857520406 -0.24101334624240073 -0.5777106143639836 0.47767770449600594 -1.4206443800941893 -0.31713568820516275 -0.07862282621480443 -0.1464483212117247 6.557168004849912e-06 -0.007974853799335366 -0.00041198887012312444
-0.035115096877645545 -0.005322473892903163 1.049375018596633 -0.009633970228134848 -0.01632675627700952 -0.02318842429250616 0.9995513596739015 -0.06795404832623261 -0.2345034986737992 -0.26900446105582443 0.04560545801670125 0.034462291178564135 -0.28275410645610183 0.6116600737084253 -0.296692261286396 -0.01445884327027794 0.0484699008089931 0.053167579544116404 0.17039013903353992 0.573069319303725 -0.7082748177637842 -1.419823718536457 0.3137330039306831 0.044171641308246946 -0.14113320827049208 -0.00021330436773333647 -0.24134863758126282 -0.5775670537962939 0.4761672168032904 -1.4206501585915425 -0.3171487313276303 -0.07885034615681379 -0.14650212037765073 6.69899089523377e-06 -0.008017059229140117 -0.00041030937669481817
-0.0350669424002107 -0.0055080429426307125 1.0493203576065926 -0.009876604255523854 -0.016131659513608038 -0.02351437540341891 0.9995445444796864 -0.06883376968889077 -0.23744818142936863 -0.2694436584083355 0.0462458555310896 0.035396567268828935 -0.2833300818557474 0.6116452672348704 -0.296508968622913 -0.01490681900903934 0.04886672879414073 0.05265470498247833 0.16971142675112047 0.5730903509276578 -0.7098441187098863 -1.419831654064758 0.3137114558346432 0.04394495023057074 -0.14107150117638817 -0.00021572221785750732 -0.2416776551188555 -0.5774395598044839 0.47466925527301357 -1.4206560116084934 -0.3171612219186612 -0.07907522254223824 -0.1465571573569295 6.772027251011193e-06 -0.008058988627155586 -0.00040853525459309055
-0.03501856938076537 -0.005695678849356086 1.0492654723044317 -0.010118900075872572 -0.015937614141988538 -0.02383969915259322 0.9995375275901498 -0.06971023086488223 -0.24037927743563886 -0.2698821148023175 0.04688545628863323 0.036332618205986794 -0.28390313598771433 0.6116307966480364 -0.29632711142830753 -0.015357468666018802 0.04925663681401527 0.05214388903049199 0.16903158049084524 0.5731113009150591 -0.7114068662508845 -1.419839817559956 0.3136900155975645 0.04371914698792174 -0.1410100639740849 -0.00021808511586013783 -0.2420010963901289 -0.5773263979403408 0.47318244480561694 -1.4206615663657451 -0.31717319271313227 -0.07929771270332753 -0.1466133449740082 6.7817135323281695e-06 -0.008100649918303397 -0.00040666166550538317
-0.03496997408060331 -0.005885403812463439 1.049210389044384 -0.010360804371073798 -0.015744593483703054 -0.024164382300114223 0.9995303117649165 -0.07058331359317568 -0.24329647818303426 -0.2703198413417793 0.04752423583989916 0.03727033008056035 -0.2844732486902757 0.6116164876393597 -0.29614658521442566 -0.015810784105294528 0.04963969195181427 0.05163513557462303 0.16835079169959852 0.5731322265590297 -0.7129629951677083 -1.419848220767833 0.31366868282259003 0.043494239341633434 -0.14094890674708863 -0.00022039179588196974 -0.24231961821243728 -0.5772259604901495 0.4717056237893654 -1.4206665679888157 -0.31718467351102836 -0.079518040574247 -0.14667061312728608 6.734428520652724e-06 -0.008142047794265838 -0.0004046848422824294
-0.034921152159155276 -0.006077239585555644 1.0491551319502148 -0.010602262853147519 -0.015552571703233157 -0.024488409700175948 0.9995228998508062 -0.07145290779065028 -0.24619950618031575 -0.2707568382048682 0.04816216596933197 0.038209585682287606 -0.2850404066061855 0.6116021894358352 -0.29596730030650237 -0.016266755902291086 0.050015940496739485 0.05112844482193704 0.16766927112073116 0.573153175044025 -0.7145124405146777 -1.4198568635475282 0.31364745843277925 0.043270238198541665 -0.14088803486684898 -0.00022264107491222205 -0.24263382643100687 -0.577136771277057 0.47023782323621405 -1.4206708547145424 -0.31719569069900333 -0.07973639799336482 -0.14672890621210438 6.6369362492679695e-06 -0.008183184337794868 -0.00040260201666560526
-0.034872099279759566 -0.006271207177032561 1.04909972304015 -0.010843220469954581 -0.01536152450210295 -0.024811765245259767 0.9995152947505233 -0.07231891196876272 -0.24908811198841616 -0.2711930959542275 0.048799216538749496 0.03915026466803533 -0.28560460178216746 0.6115877734441932 -0.2957891805218075 -0.016725373031316434 0.0503854128081678 0.05062381519930422 0.16698723930227244 0.5731741856734659 -0.7160551367626753 -1.4198657370653036 0.31362634443638454 0.04304715709253409 -0.14082744962589358 -0.00022483182827985135 -0.24294427061619653 -0.5770574850212714 0.4687782453315243 -1.42067433654303 -0.31720626718056827 -0.07995294705149579 -0.14678818068775523 6.4960034469350856e-06 -0.008224059604255549 -0.0004004113225068791
-0.03482281153155407 -0.006467326648263615 1.0490441823704517 -0.011083621617650516 -0.015171429487729517 -0.025134432539818365 0.9995074994015987 -0.07318123318258447 -0.2519620713411794 -0.2716285972042346 0.04943535679696757 0.040092243877339534 -0.2861658307096782 0.6115731316206793 -0.29561216178106675 -0.01718662271094302 0.050748127470087924 0.05012124451073911 0.16630491919805035 0.5731952916216272 -0.7175910173570909 -1.4198748264687535 0.3136053437015749 0.04282501166474542 -0.14076714884904598 -0.00022696296855590043 -0.24325144223544998 -0.5769868832825862 0.46732624267450057 -1.4206769773923074 -0.3172164225286862 -0.08016782290507639 -0.1468484028674143 6.318146961201942e-06 -0.008264672141944695 -0.00039811168990537543
-0.03477328570953297 -0.006665616986288613 1.0489885281897147 -0.011323410346719534 -0.014982266328562645 -0.02545639535420552 0.9994995167629398 -0.07403978665487414 -0.2548211824326142 -0.2720633183165007 0.05007055625602634 0.0410353977302204 -0.2867240936281829 0.6115581746955218 -0.29543619073699523 -0.017650490361850905 0.05110409473190232 0.049620730618227984 0.16562253059776164 0.5732165212520626 -0.719120014549354 -1.419884113065026 0.3135844597543702 0.04260381918201362 -0.14070712746350644 -0.00022903342873987093 -0.2435557752281114 -0.5769238683088325 0.46588129887294094 -1.4206787805184649 -0.31722617325367203 -0.0803811367199592 -0.1469095469645032 6.109475524337354e-06 -0.008305019441434277 -0.0003957027397848972
-0.034723519486569605 -0.006866096033919519 1.048932777097755 -0.011562530554943554 -0.014794016770084777 -0.02577763790649355 0.9994913498069576 -0.07489449520359719 -0.25766526339875173 -0.2724972309576834 0.050704785228449595 0.04197959866695981 -0.2872793939850665 0.6115428303412549 -0.2952612234658262 -0.01811695964530266 0.05145331928914306 0.04912227181698288 0.16494028609593642 0.5732378990757198 -0.7206420594114978 -1.4198935760500355 0.31356369660467454 0.04238359811066655 -0.14064737801704644 -0.00023104214963840831 -0.24385764820228376 -0.5768674556691178 0.46444301079938155 -1.420679776833018 -0.31723553312181846 -0.0805929785548973 -0.1469715934006134 5.875599193258175e-06 -0.008345098309810065 -0.00039318468418382546
-0.0346735115046215 -0.007068780464258704 1.0488769442045045 -0.011800926164415936 -0.01460666456368425 -0.026098145016017513 0.9994830015156381 -0.07574528855572617 -0.2604941500016514 -0.2729303034384072 0.05133801511240119 0.04292471760494412 -0.28783173798645195 0.6115270413463767 -0.2950872242452552 -0.018586012559356022 0.05179580248703976 0.04862586702116231 0.16425838831816733 0.5732594464273967 -0.7221570819703707 -1.419903193845941 0.3135430586006304 0.04216436775030154 -0.14058789113913575 -0.00023298807092031164 -0.24415738768130033 -0.5768167662594735 0.4630110726039441 -1.4206800157083772 -0.317244513486434 -0.08080342008076032 -0.1470345273642739 5.621586507686889e-06 -0.008384905174600759 -0.0003905582348126532
-0.03462326140636897 -0.007273685789349246 1.0488210432853537 -0.012038541281686903 -0.014420195342380043 -0.026417902163686134 0.999474474879357 -0.07659210261764676 -0.2633076935106243 -0.2733625018148178 0.05197021849422831 0.043870624396304715 -0.288381134204325 0.6115107638374564 -0.2949141644288455 -0.019057629575650725 0.052131544032405414 0.04813151583143274 0.16357702815213784 0.5732811819332237 -0.723665011420322 -1.4199129451053627 0.313522550309394 0.04194614792566978 -0.14052865594396874 -0.0002348701252650454 -0.24445527198194125 -0.5767710180793453 0.46158526146391693 -1.4206795578712557 -0.3172531236093379 -0.08101251708346469 -0.14709833760097488 5.351954607335188e-06 -0.008424436322704306 -0.00038782452094740397
-0.034572769824150446 -0.0074808263948185115 1.0487650869303864 -0.01227532034126372 -0.014234596467692824 -0.026736895488669234 0.9994657728974761 -0.07743487873717884 -0.26610575877426307 -0.2737937907561614 0.052601369127043045 0.04481718827595101 -0.2889275932183562 0.6114939655789834 -0.294742021419554 -0.019531789803794216 0.05246054329908275 0.04763921853444839 0.16289638376357507 0.5733031218301629 -0.7251657763824683 -1.4199228094385148 0.31350217642134054 0.04172895873173926 -0.14046966037683414 -0.0002366872350372375 -0.24475153541921735 -0.5767295180470557 0.46016542498231716 -1.420678470016193 -0.31726137096078183 -0.08122031172996753 -0.14716301541126592 5.0706814326662126e-06 -0.00846368808414226 -0.0003849850167684306
-0.03452203833896129 -0.007690215593783715 1.0487090866855429 -0.012511208233158343 -0.014049856862141018 -0.027055111742225017 0.9994568985800817 -0.0782735629974474 -0.26888822247183036 -0.2742241342086412 0.05323144182652473 0.04576427829255819 -0.2894711272857377 0.611476624371154 -0.2945707777405707 -0.02000847117313299 0.0527828002986971 0.047148976060601804 0.1622166202140698 0.5733252801864193 -0.7266593051907113 -1.4199327679138378 0.3134819416746044 0.04151282032576512 -0.14041089150715536 -0.00023843831095718472 -0.24504637261904907 -0.5766916540367453 0.45875147011934275 -1.4206768208151757 -0.3172692614921488 -0.08142683459497474 -0.14722855383203587 4.781232122906722e-06 -0.008502656967026333 -0.0003820414778321653
-0.0344710694197302 -0.007901865694691031 1.0486530531845075 -0.01274615041551485 -0.013865966839237132 -0.027372538216810596 0.9994478549503057 -0.07910810554749524 -0.27165497153646895 -0.274653495877699 0.05386041231978911 0.04671176371797113 -0.29001175003157337 0.6114587265578241 -0.2944004201997168 -0.020487650624121827 0.053098316384541065 0.04666078992358254 0.16153788952750642 0.573347669059341 -0.7281455261852056 -1.419942803377538 0.31346185079676403 0.041297752760255296 -0.14035233577239664 -0.00024012225232909528 -0.24533994278223745 -0.5766568872547218 0.4573433535216182 -1.4206746780439867 -0.3172767998792816 -0.08163210645690745 -0.14729494697714587 4.48659392002148e-06 -0.008541339754329856 -0.0003789958860012022
-0.034419866350313646 -0.008115788078601584 1.0485969962704464 -0.012980093013353537 -0.013682917936883393 -0.027689162661554773 0.9994386450469079 -0.0799384599889378 -0.2744059017387499 -0.2750818395646736 0.05448825706924071 0.04765951443151577 -0.2905494761609029 0.6114402656521319 -0.2942309391422272 -0.020969304303033325 0.05340709474094608 0.046174662150790226 0.16086033108295422 0.5733702986177133 -0.729624368002385 -1.4199529006306797 0.3134419084609002 0.04108377585091979 -0.14029397917770017 -0.0002417379484149013 -0.24563237379298541 -0.5766247450322604 0.45594107311626725 -1.4206721065903778 -0.317283989736757 -0.08183613987729689 -0.14736218951440336 4.189315564369227e-06 -0.00857973356833845 -0.0003758504021154207
-0.03436843314996199 -0.008331993282353836 1.0485409251071849 -0.013212982904513816 -0.013500702758836075 -0.028004973193058905 0.9994292719268526 -0.08076458281999471 -0.27714091642141636 -0.275509129384944 0.0551149530890584 0.04860740127714634 -0.29108432119178446 0.6114212410828406 -0.29406232778639874 -0.021453407755226358 0.05370914070431347 0.0456905952129417 0.16018407223546074 0.5733931772468228 -0.7310957598514182 -1.4199630464969055 0.3134221192534617 0.040870909074324745 -0.14023580745624978 -0.00024328428064080245 -0.24592376610071168 -0.576594814079121 0.4545446608380443 -1.4206691671485312 -0.31729083380448203 -0.08203894058061968 -0.1474302762581028 3.891548392568632e-06 -0.008617835910028375 -0.0003726073256046223
-0.0343167744914464 -0.0085504910846969 1.0484848482796882 -0.013444767793824662 -0.0133193148267037 -0.028319958207204517 0.9994197386677228 -0.081586432939597 -0.27985992537522864 -0.2759353298940978 0.05574047776545008 0.04955529639211795 -0.29161630121045806 0.6114016570614997 -0.2938945816363958 -0.021939936113271895 0.05400446195269452 0.045208591956771293 0.15950922908757162 0.573416311648282 -0.7325596317703317 -1.4199732298083247 0.3134024876517685 0.040659171490598583 -0.1401778061953179 -0.0002447601253527367 -0.2462141963314778 -0.5765667342199945 0.45315417636591343 -1.4206659154395667 -0.3172973341087714 -0.08224050865270596 -0.14749920185829676 3.5950872460591765e-06 -0.008655644678798664 -0.0003692690602694562
-0.034264895619845144 -0.008771290593070602 1.0484287738839388 -0.013675396276470497 -0.01313874844363689 -0.028634106295441244 0.9994100483698759 -0.08240397121312198 -0.28256284384556823 -0.2763604061455406 0.05636480868743484 0.05050307350652402 -0.29214543264984877 0.6113815215682484 -0.29372769796656567 -0.02242886427714288 0.05429306859354943 0.04472865554243964 0.15883590735187125 0.5734397069417637 -0.7340159148574001 -1.419983441332162 0.3133830180093173 0.040448581687228764 -0.14011996093283177 -0.0002461643569159199 -0.24650372060572062 -0.5765401926198608 0.45176970175464143 -1.4206624018281377 -0.3173034921003444 -0.08244083957580396 -0.1475689605700793 3.3014099720639684e-06 -0.008693158176578479 -0.0003658380855086679
-0.03421280227433092 -0.008994400329305907 1.0483727096065751 -0.013904817891517233 -0.012958998571548728 -0.028947406169095576 0.999400204158228 -0.08321716008596051 -0.28524959166187075 -0.2767843236909526 0.056987923494955434 0.051450608213949124 -0.29267173208883346 0.6113608454519445 -0.2935616753719723 -0.022920167084556627 0.05457497317686064 0.04425078939075725 0.15816420325757094 0.5734633667719224 -0.7354645414722492 -1.4199936736569205 0.31336371454725537 0.04023915774060286 -0.14006225722879515 -0.0002474958509745162 -0.24679237755288488 -0.5765149184906682 0.450391336853521 -1.4206586712303741 -0.31730930877168073 -0.08263992511796683 -0.14763954608855526 3.0117147264751624e-06 -0.008730375102307853 -0.00036231693226461826
-0.034160500614130375 -0.009219828312765027 1.048316662794624 -0.014132983166403625 -0.012780060720413497 -0.02925984659126907 0.9993902091837082 -0.08402596325432683 -0.2879200924777908 -0.2772070485463356 0.057609799743388125 0.05239777821328399 -0.2931952160758383 0.6113396416398533 -0.29339651337974143 -0.023413819469962197 0.054850190649827955 0.043774997136048335 0.1574942044683594 0.5734872934218804 -0.7369054454077454 -1.4200039210523319 0.3133445813507762 0.0400309171921646 -0.1400046807156718 -0.00024875348772097867 -0.24708019102637283 -0.5764906782664507 0.44901919541949137 -1.4206547632307513 -0.3173147847562621 -0.08283775409292958 -0.14771095143656382 2.7269546524055167e-06 -0.008767294537614273 -0.00035870816310907595
-0.034107997149573806 -0.009447582139903717 1.0482606405158563 -0.014359843653205523 -0.012601930849535968 -0.029571416316889896 0.999380066624371 -0.08483034538694399 -0.2905742731128018 -0.2776285471339031 0.05823041478540604 0.05334446352249964 -0.29371590097586914 0.6113179244508227 -0.2932322121163087 -0.023909796611314565 0.05511873826913568 0.04330128258532632 0.15682599098624364 0.5735114879326928 -0.7383385620317968 -1.4200141793146597 0.3133256223693342 0.03982387703669999 -0.13994721713137998 -0.000249936155086612 -0.2473671725286059 -0.5764672712262042 0.44765340183787117 -1.4206507123426908 -0.3173199204119707 -0.08303431300571468 -0.14778316889437695 2.4478697329070814e-06 -0.00880391592650253 -0.0003550143559017759
-0.034055298678956424 -0.009677669059610294 1.0482046496104311 -0.014585351957475318 -0.012424605281689947 -0.029882104042185338 0.9993697796861194 -0.08563027188014269 -0.29321206298804375 -0.2780487862004646 0.058849745672472684 0.054290546665758936 -0.2942338028367743 0.6112957090050185 -0.293068772026124 -0.02440807406429711 0.05538063548615365 0.042829649688060766 0.15615963602216015 0.5735359502269763 -0.7397638283967988 -1.4200244456066535 0.31330684141970266 0.039618053720694386 -0.13988985233797369 -0.0002510427517634252 -0.247653323360275 -0.5764445255384832 0.44629408837026563 -1.420646548361873 -0.31732471589071837 -0.08322958659819654 -0.14785618996245262 2.1750157426681354e-06 -0.008840239053541563 -0.00035123809046660277
-0.03400241223100441 -0.009910096043683557 1.0481486967343074 -0.014809461760268856 -0.012248080627239137 -0.030191898360635915 0.9993593516031662 -0.08642570866148995 -0.29583339364382105 -0.27846773273064573 0.05946776907011199 0.05523591283457902 -0.2947489372789057 0.6112730107240671 -0.29290619363721715 -0.024908627883689673 0.05563590380958469 0.04236010250926642 0.1554952068233946 0.5735606792351565 -0.7411811833222373 -1.420034718298182 0.31328824219126217 0.03941346314873599 -0.1398325723289677 -0.00025207219001102535 -0.24793863651383732 -0.5764222947034835 0.4449413928648593 -1.4206422967741676 -0.3173291711963762 -0.08342355830696403 -0.14793000534898879 1.9087903879939396e-06 -0.008876264018367094 -0.00034738193791136236
-0.033949345013217565 -0.010144869852281838 1.0480927883951714 -0.015032127834080143 -0.012072353719507982 -0.030500787726673497 0.9993487856381792 -0.08721662201783831 -0.2984381983336842 -0.27888535384778906 0.060084461189198746 0.05618045002492093 -0.2952613194020476 0.6112498449142154 -0.29274447736990195 -0.0254114347321878 0.055884566657334635 0.0418926452116982 0.15483276544808514 0.5735856730217823 -0.7425905674486324 -1.4200449968129298 0.3132698282527403 0.039210120696408245 -0.13977536322749295 -0.0002530233982290381 -0.24822309833027795 -0.5764004543621616 0.4435954568634294 -1.420637979188194 -0.3173332862325389 -0.08361621064506766 -0.1480046049762791 1.649456723656445e-06 -0.008911991211504596 -0.00034344845212751267
-0.03389610436556402 -0.010381997094082966 1.0480369309813915 -0.015253306053213919 -0.011897421558849649 -0.030808760424084224 0.9993380850822355 -0.08800297845976698 -0.30102641168403554 -0.27930161671501297 0.060699797727207155 0.057124049151272054 -0.2957709637123003 0.6112262264263038 -0.2925836233847728 -0.025916471976873755 0.05612664919879148 0.041427282041093895 0.1541723694840831 0.5736109289102388 -0.7439919232686888 -1.4200552814840561 0.31325160306000016 0.039008041228026466 -0.13971821127731263 -0.00025389532322966755 -0.2485066899417241 -0.5763788994459579 0.4422564240541054 -1.4206336137712785 -0.3173370608418501 -0.08380752551771878 -0.14807997800000955 1.3971640042479022e-06 -0.008947421289779168 -0.00033944016316324874
-0.03384269771921057 -0.010621484281143794 1.0479811307846214 -0.015472953399144207 -0.011723281264904612 -0.03111580453801535 0.9993272532546302 -0.08878474461541694 -0.30359796941250006 -0.2797164884360149 0.06131375381709103 0.05806660413929354 -0.2962778840665865 0.6112021693860384 -0.29242363146681594 -0.0264237177738456 0.0563621781915609 0.04096401731458357 0.15351407270989947 0.5736364436041238 -0.7453851951383954 -1.4200655734209777 0.31323356996437485 0.038807239117932116 -0.1396611028283818 -0.00025468693225432203 -0.24878938852118748 -0.5763575416386384 0.44092443902132894 -1.4206292156727063 -0.31734049483809934 -0.08399748448087482 -0.14815611283714844 1.1519661707001757e-06 -0.008982555152421884 -0.0003353595721603009
-0.03378913256010198 -0.0108633378786024 1.047925394016716 -0.015691027961403863 -0.011549930037755642 -0.031421907930306886 0.999316293502541 -0.08956188713851528 -0.3061528081004597 -0.2801299359478014 0.06192630398301626 0.05900801199889285 -0.29678209362949204 0.6111776869880896 -0.29226450094304746 -0.026933151141713033 0.056591181817448856 0.040502855416071674 0.15285792569596213 0.5736622133037064 -0.7467703292689175 -1.4200758743888633 0.3132157322210806 0.03860772827418294 -0.13960402431803554 -0.00025539721465266043 -0.2490711683594037 -0.5763363071212039 0.4395996462479849 -1.4206247974224007 -0.31734358803227586 -0.08418606895115115 -0.14823299719894376 9.138380972879499e-07 -0.00901739392106012 -0.0003312091475216336
-0.03373541639656194 -0.011107564349211755 1.0478697268213888 -0.015907488934350542 -0.011377365125451061 -0.0317270582141522 0.9993052092007133 -0.0903343726441599 -0.3086908650113825 -0.28054192591453414 0.0625374220950064 0.05994817287868338 -0.2972836048448078 0.6111527913489245 -0.2921062306311665 -0.02744475202444481 0.05681368951371126 0.04004380079198109 0.1522039763487777 0.5736882338171279 -0.7481472737071208 -1.4200861867007024 0.3131980929974466 0.038409522163301506 -0.13954696224852742 -0.0002560251832569262 -0.24935200179047037 -0.5763151345759234 0.43828218933693064 -1.4206203692978205 -0.31734634025347835 -0.08437326037395716 -0.14831061812461993 6.826899244603134e-07 -0.0090519389211338 -0.0003269913219751594
-0.033681556730552314 -0.011354170192904326 1.047814135281198 -0.016122296610209128 -0.011205583798440152 -0.0320312427265792 0.9992940037512181 -0.0911021676609147 -0.3112120779522426 -0.28095242461431996 0.06314708131929885 0.0608869901034173 -0.2977824294167351 0.611127493412872 -0.2919488188176208 -0.027958501344324496 0.057029731800239236 0.03958685794999738 0.15155227039820604 0.5737145006658928 -0.7495159783073724 -1.4200965131216667 0.3131806553800691 0.03821263383445564 -0.13948990316153667 -0.00025656987522002927 -0.24963185998476264 -0.5762939734235798 0.43697221041808193 -1.4206159396528408 -0.31734875136516066 -0.08455904035551033 -0.1483889620143958 4.5837959916337945e-07 -0.009086191667560537 -0.0003227084903528246
-0.03362756103190618 -0.011603161981472368 1.04775862542031 -0.016335412368626647 -0.011034583329997483 -0.032334448494787026 0.9992826805834364 -0.09186523860312297 -0.3137163851744661 -0.2813613978185274 0.06375525405642246 0.061824370195341136 -0.2982785782991046 0.6111018029069787 -0.2917922632640048 -0.02847438104559957 0.057239340097706086 0.039132031458368494 0.1509028518295904 0.5737410091851932 -0.750876394701212 -1.4201068567842836 0.3131634223796688 0.038017075941027066 -0.13943283360954797 -0.0002570303519038869 -0.24991071362781536 -0.5762727822720632 0.4356698497156227 -1.420611515205044 -0.3173508212764253 -0.08474339076302938 -0.14846801465956108 2.407240573923139e-07 -0.009120153854524488 -0.0003183630077451207
-0.03357343671484173 -0.011854546388425499 1.0477032032034819 -0.01654679866285978 -0.010864360982201747 -0.032636662191708785 0.9992712431544517 -0.09262355176447555 -0.3162037253137149 -0.2817688106600497 0.06436191185764804 0.06276022288015376 -0.29877206168962167 0.6110757283408015 -0.2916365612416068 -0.02899237412934684 0.057442546530517016 0.03867932594415495 0.15025576326085077 0.5737677546202162 -0.7522284762716768 -1.4201172211118662 0.313146396931026 0.03782286075641075 -0.1393757401227636 -0.00025740569659557446 -0.2501885335035232 -0.5762515275570089 0.4343752452549965 -1.4206071012794725 -0.3173525499462943 -0.0849262937952264 -0.14854776126787914 2.9509938462378998e-08 -0.009153827349495157 -0.0003139571872964763
-0.033519191116232354 -0.012108330214164686 1.0476478745318099 -0.016756419002621696 -0.010694913999237495 -0.03293787007773489 0.9992596949499664 -0.0933770733053175 -0.3186740373766657 -0.28217462747195104 0.06496702531339871 0.06369446107824489 -0.29926288902073067 0.611049277047446 -0.2914817095951339 -0.029512464680078402 0.057639383714047726 0.0382287460942078 0.14961104625740743 0.5737947322201083 -0.7535721781359357 -1.420127609745896 0.3131295818841068 0.03763000017843581 -0.1393186091666268 -0.0002576950064394766 -0.2504652910022847 -0.576230182357711 0.4330885326948493 -1.420602702007839 -0.3173539373757596 -0.08510773202175136 -0.14862818648913628 -1.7549501801373912e-07 -0.009187214191987017 -0.0003094932967602679
-0.03346483147450567 -0.012364520407098931 1.0475926452357374 -0.016964237933727196 -0.01052623961133067 -0.0332380579355844 0.9992480394855141 -0.09412576909684456 -0.32112726080797566 -0.2825788115504051 0.0655705639271726 0.06462700088262392 -0.29975106893686015 0.6110224552630659 -0.29132770483662435 -0.03003463788479891 0.05782988454720971 0.037780296661842884 0.14896874157416778 0.5738219373384994 -0.7549074571539628 -1.4201380264767 0.3131129800212412 0.037438505740420285 -0.13926142709466136 -0.0002578973952773481 -0.25074095857488354 -0.5762087253822301 0.43180984530211464 -1.4205983204898238 -0.31735498366353904 -0.08528768846189537 -0.1487092744633842 -3.745562987434231e-07 -0.009220316581375516 -0.0003049735722665041
-0.0334103649104697 -0.012623124082081504 1.0475375210671067 -0.01717022101479915 -0.010358335069185296 -0.033537211014006335 0.9992362803072652 -0.09486960416012194 -0.3235633357083224 -0.28298132469220777 0.06617249600432062 0.06555776152747726 -0.30023660920520473 0.6109952682368875 -0.2911745432751884 -0.03055888004626101 0.05801408202988356 0.03733398253044053 0.148328889331447 0.5738493655542798 -0.7562342719801867 -1.4201484751821276 0.3130965941531291 0.03724838866744701 -0.1392041801384375 -0.0002580120479756867 -0.2510155101085876 -0.5761871400791517 0.4305393140153045 -1.4205939589133487 -0.31735568915536355 -0.08546614674244135 -0.1487910088602666 -5.680248650067205e-07 -0.009253136846619273 -0.00030040025006264527
-0.03335579841574148 -0.012884148532241976 1.0474825076927679 -0.017374334788531186 -0.010191197717315368 -0.03383531389405018 0.9992244209953206 -0.09560854239782611 -0.3259822030876037 -0.28338212658435075 0.06677278838182073 0.06648666533959478 -0.3007195165133336 0.6109677203593539 -0.29102222119687665 -0.03108517858870189 0.05819200893070314 0.03688980888430185 0.14769152910396 0.5738770127755191 -0.7575525830755389 -1.4201589597263493 0.3130804270780647 0.03705965984486707 -0.1391468543889101 -0.00025803820408549583 -0.2512889212283559 -0.5761654137912534 0.42927706736363125 -1.4205896185874953 -0.31735605415133045 -0.08564309085015347 -0.14887337280649807 -7.56252508907598e-07 -0.009285677462548228 -0.0002957754877890838
-0.03330113883968139 -0.013147601228529477 1.0474276106840024 -0.017576546745980998 -0.010024825028960974 -0.03413235019494513 0.9992124651733457 -0.09634254760032128 -0.32838380489026664 -0.28378117462136015 0.06737140584006669 0.06741363765750667 -0.3011997963436098 0.6109398153337801 -0.2908707350816416 -0.03161352205030181 0.05836369723406936 0.03644778126560607 0.14705669980735922 0.57390487530848 -0.7588623527311453 -1.4201694837965966 0.31306448152162186 0.03687232982036992 -0.13908943567421442 -0.0002579751233824569 -0.25156116971354636 -0.5761435371764173 0.42802323173875034 -1.420585300025872 -0.3173560790699193 -0.08581850522560601 -0.14895634889316112 -9.396128918503981e-07 -0.00931794101515635 -0.0002911013845661148
-0.03324639289051949 -0.013413489814083314 1.0473728355142622 -0.017776825281662603 -0.00985921476870594 -0.03442830224486732 0.9992004165189213 -0.0970715836147197 -0.3307680844029785 -0.28417842296267304 0.06796831043136262 0.06833860673245686 -0.30167745250056655 0.6109115563534729 -0.29072008191431437 -0.03214390006725526 0.05852917762803232 0.03600790595920075 0.14642443922895834 0.573932949880083 -0.7601635449424702 -1.4201800506047437 0.31304876017774835 0.03668640884268421 -0.13903190944167942 -0.00025782209053317416 -0.2518322359649364 -0.5761215036855999 0.42677793162949956 -1.420581002989134 -0.31735576443851415 -0.08599237474351024 -0.14903991920975423 -1.1184963833619705e-06 -0.009349930132102406 -0.00028637996475687526
-0.03319156715934497 -0.013681822085176971 1.0473181875672446 -0.01797513963023313 -0.009694365297724534 -0.03472315059200318 0.9991882787791864 -0.09779561459141387 -0.33313498692548316 -0.2845738209450533 0.06856346047294237 0.06926150358190192 -0.30215248622966795 0.6108829462965913 -0.2905702596282179 -0.032676303339221474 0.05868847895827112 0.035570190770113606 0.1457947828287336 0.5739612335123244 -0.7614561249297297 -1.4201906622720875 0.31303326577105095 0.03650190700917733 -0.1389742605716241 -0.00025757842128849737 -0.25210210379806447 -0.57609930915108 0.42554128991783347 -1.4205767266222173 -0.3173551108902483 -0.08616468468556289 -0.14912406539901685 -1.293307481667858e-06 -0.009381647302060836 -0.0002816131295814194
-0.033136668193771805 -0.013952605950960664 1.0472636721658628 -0.01817145976832845 -0.009530276146340963 -0.035016873288281875 0.99917605579376 -0.09851460537896445 -0.3354844608574656 -0.28496731035437955 0.06915680905513691 0.07018226175500915 -0.30262489459329267 0.6108539879350773 -0.2904212677579396 -0.03321072356025952 0.05884162798396768 0.035134646579251534 0.1451677607847563 0.5739897230157779 -0.7627400576883773 -1.4202013184558233 0.3130180011836904 0.036318834678844815 -0.1389164730604416 -0.0002572434752921199 -0.25237076227097566 -0.5760769514868344 0.4243134283002172 -1.4205724699266502 -0.31735411913461603 -0.08633542063887577 -0.1492087688207442 -1.4644685447414676e-06 -0.009413094492944472 -0.00027680264815335405
-0.03308170268547211 -0.014225849362025107 1.0472092946510032 -0.018365756248891866 -0.00936694918371391 -0.035309445007375366 0.9991637515210743 -0.09922852057940018 -0.3378164598627809 -0.28535881994079354 0.06974830215189874 0.0711008169351938 -0.3030946672652894 0.6108246841079776 -0.2902731084286238 -0.033747153280165296 0.05898865108302252 0.03470129069066738 0.14454339011654943 0.5740184135009142 -0.7640153039235841 -1.4202120124501718 0.313002968948939 0.036137203360814656 -0.13885853209715257 -0.00025681395287054435 -0.25263821105664325 -0.5760544300489538 0.42309446691759467 -1.4205682329042695 -0.31735278347798 -0.08650456437951533 -0.14929400992734415 -1.6332103081739166e-06 -0.009444272628339957 -0.0002719636670694858
-0.03302667734799569 -0.014501560484146261 1.0471550601877957 -0.01855800045877672 -0.00920438708484674 -0.03560083954859886 0.9991513699639305 -0.09993732396161473 -0.3401309381666685 -0.285748273653792 0.07033788377476909 0.0720171076597719 -0.3035617916269242 0.6107950381616085 -0.29012578487798374 -0.03428558615849323 0.059129575985509 0.03427014269898404 0.1439216817504295 0.5740473000941195 -0.7652818239926107 -1.4202227332611086 0.3129881748423201 0.035957028017098706 -0.138800428127307 -0.0002562822000158356 -0.2529044546168952 -0.5760317451779742 0.42188452483628835 -1.4205640124419328 -0.3173510972716676 -0.08667209748334712 -0.14937977292166657 -1.795867677492517e-06 -0.009475183196309887 -0.0002671230277676524
-0.03297159847569693 -0.014779748107937588 1.047100973316452 -0.018748165225986258 -0.009042589231422316 -0.03589103552580189 0.9991389149910719 -0.10064097550840687 -0.342427840970065 -0.28613561063546555 0.07092550778777859 0.07293107692967635 -0.3040262657124949 0.6107650546512171 -0.28997929768441216 -0.03482601754535081 0.059264431059873154 0.03384121337373735 0.14330266691529267 0.5740763828333478 -0.7665395892405001 -1.420233477123625 0.3129736320389613 0.03577832572796349 -0.13874215294527423 -0.00025564187697032413 -0.2531694822298601 -0.5760088978195811 0.42068371972470625 -1.4205597957002007 -0.3173490743523461 -0.08683801360407152 -0.14946604983184442 -1.9383358978569676e-06 -0.009505830556143265 -0.00026227998026996023
-0.03291647233447892 -0.015060421504287831 1.0470470381559764 -0.018936224390518633 -0.008881554019551463 -0.0361800152076647 0.9991263903548955 -0.10133942274664753 -0.34470711204560256 -0.28652077217749894 0.0715111353803317 0.07384267105579302 -0.304488091943577 0.6107347393401955 -0.28983364635095676 -0.035368444061877106 0.05939324806549629 0.03341451193842282 0.14268638627706004 0.5741056629241251 -0.7677885712947996 -1.4202442435184928 0.31295935064345426 0.03560110896878489 -0.13868369505053063 -0.0002548863221581728 -0.2534332770241987 -0.5759858876701948 0.4194921615432382 -1.4205555684554014 -0.31734672393364716 -0.08700230229399683 -0.14955282600095718 -2.051847567021356e-06 -0.009536219188730063 -0.000257432930553317
-0.03286130520859017 -0.015343590293836898 1.0469932584588615 -0.019122152613762183 -0.00872127885575342 -0.036467762619355186 0.9991137997566015 -0.10203261255966785 -0.3469686929760105 -0.28690370370266255 0.0720947312833433 0.07475183901733272 -0.30494727657776666 0.6107040990800725 -0.2896888296701782 -0.03591286338095249 0.05951606075715672 0.03299004637703362 0.14207288510865831 0.5741351417271917 -0.7690287406531806 -1.420255033412954 0.3129453369518945 0.03542538889678316 -0.13862504119232552 -0.00025400984862217896 -0.2536958204925979 -0.575962714787838 0.418309956046272 -1.4205513185010223 -0.3173440506641064 -0.08716495283448188 -0.14964008353700745 -2.1320206371149295e-06 -0.009566352923657605 -0.00025258050234233507
-0.032806103416366465 -0.01562926439763415 1.0469396376744962 -0.019305925306930465 -0.00856176029880864 -0.03675426274518582 0.9991011468708695 -0.10272049439245283 -0.3492125232608351 -0.2872843545405933 0.07267626216991352 0.07565853223393303 -0.30540382891230533 0.6106731414154523 -0.289544845812681 -0.03645927415138294 0.059632904280474595 0.03256782383161803 0.14146221115070998 0.5741648204874874 -0.7702600663262968 -1.4202658485965838 0.31293159531839804 0.03525117631199762 -0.138566177139031 -0.0002530078956641667 -0.25395709428564617 -0.5759393801189473 0.41713720630290896 -1.4205470367580784 -0.3173410570482516 -0.08732595502457821 -0.14972780295243954 -2.1776659874789377e-06 -0.009596234934778139 -0.00024772160164934033
-0.03275087331264602 -0.01591745401716332 1.0468861790080797 -0.019487518600502563 -0.0084029942411191 -0.03703950116918216 0.9990884353548073 -0.10340302040294067 -0.3514385407492752 -0.2876626769058938 0.07325569592586965 0.07656270447930304 -0.3058577604777739 0.6106418741607565 -0.289401692336062 -0.03700767596963721 0.05974381483713129 0.032147850974869475 0.1408544136517397 0.5741947003053591 -0.7714825159000013 -1.4202766913541303 0.31291812909600203 0.035078481991171424 -0.1385070880934959 -0.0002518769229532886 -0.25421708083669864 -0.5759158854554508 0.41597401325072547 -1.420542717231191 -0.3173377445415312 -0.08748529923165943 -0.14981596403866487 -2.189558202856332e-06 -0.009625867874407116 -0.00024285539149469337
-0.03269562128308068 -0.016208169622843105 1.0468328854678017 -0.019666909324702952 -0.008244976055976629 -0.03732346387433584 0.9990756688519 -0.10408014501950996 -0.3536466820686514 -0.2880386249155425 0.07383300123993945 0.077464311828472 -0.3063090843960917 0.610610305047742 -0.28925936617467135 -0.037558069361692946 0.0598488294292102 0.03173013424921735 0.14024954291742017 0.5742247821802791 -0.7726960557608139 -1.420287564264764 0.3129049411093717 0.03490731678295914 -0.13844775891205877 -0.0002506142552363996 -0.2544757635506443 -0.5758922331941018 0.4148204758868248 -1.4205383565346317 -0.317334114064103 -0.08764297629110258 -0.14990454633706693 -2.169958772681837e-06 -0.009655254008540781 -0.0002379812510290947
-0.03264035373461252 -0.016501421944576787 1.046779759900186 -0.019844074990926094 -0.008087700702846066 -0.03760613711224539 0.9990628509941657 -0.10475182451623348 -0.355836882988679 -0.2884121538347652 0.07440814733829434 0.07836331260428338 -0.30675781491269477 0.6105784414622945 -0.2891178636308825 -0.03811045576327165 0.05994798565527356 0.031314679992599764 0.13964765008257124 0.5742550670636146 -0.7739006513568831 -1.4202984700584511 0.3128920339009978 0.034737691612234396 -0.13838817421673055 -0.00024921793877715295 -0.25473312684333915 -0.575868426062369 0.41367669134153495 -1.4205339533159382 -0.31733016626134075 -0.08779897737889324 -0.14999352938366925 -2.121870851885069e-06 -0.009684395330527293 -0.0002330987350708287
-0.03258507708508681 -0.016797221962609302 1.046726805015649 -0.020018993771271074 -0.007931162800928785 -0.03788750731329758 0.999049985403431 -0.10541801668670044 -0.3580090787313521 -0.2887832195372003 0.0749811038029926 0.07925966731483879 -0.3072039670654168 0.6105462902618666 -0.28897718037495657 -0.03866483749587349 0.060041321554786274 0.03090149449569979 0.1390487869853166 0.5742855558999617 -0.7750962674380958 -1.4203094115079369 0.31287940986200496 0.03456961745464986 -0.13832831845033897 -0.00024768662285591767 -0.25498915613329315 -0.5758444668782656 0.41254275493379516 -1.4205295077142892 -0.31732590164723734 -0.08795329391651764 -0.150082892831804 -2.048801167109275e-06 -0.00971329365201597 -0.00022820753853272733
-0.03252979775364712 -0.01709558089830011 1.046674023406488 -0.020191644475851405 -0.007775356681363815 -0.03816756102321946 0.9990370756920772 -0.10607868060209048 -0.3601632042389441 -0.2891517781327654 0.07555184044503853 0.08015333858187133 -0.3076475564522241 0.6105138576583806 -0.2888373114549327 -0.039221217738933174 0.0601288754924927 0.03049058402384491 0.1384530060919763 0.5743162496535751 -0.7762828682567313 -1.4203203913490823 0.31286707130213504 0.03440310530637878 -0.13826817590183052 -0.0002460194649730244 -0.2552438378170484 -0.575820358365648 0.41141876023707036 -1.4205250209012583 -0.31732132068394864 -0.0881059174881799 -0.15017261650718539 -1.9541591388345694e-06 -0.00974195067329105 -0.00022330746652844127
-0.03247452215263702 -0.017396510204826396 1.046621417559213 -0.020362006528342295 -0.007620276425750641 -0.038446284857677794 0.999024125463433 -0.10673377642664082 -0.3622991944091732 -0.2895177857185501 0.07612032721466233 0.08104429106236727 -0.30808859906790176 0.6104811491514417 -0.288698251315659 -0.039779600499189646 0.06021068607298648 0.030081954823965966 0.13786036044901448 0.5743471493224829 -0.7774604177271888 -1.4203314122252786 0.3128550204868495 0.03423816615848181 -0.13820773071689463 -0.0002442160553884231 -0.2554971592377831 -0.5757961030278572 0.4103047991672636 -1.4205204947143155 -0.31731642382887615 -0.08825683979372573 -0.15026268042988947 -1.8412546262467689e-06 -0.009770368035613241 -0.00021839841005680575
-0.032419256681305686 -0.017700021557979288 1.0465689898627837 -0.020530059940428058 -0.007465915896629343 -0.03872366546996117 0.9990111383118996 -0.10738326526667405 -0.3644169843033364 -0.28988119821510067 0.07668653413830845 0.0819324913662128 -0.30852711118682374 0.6104481694986712 -0.28855999382523817 -0.040339990578468245 0.06028679207800733 0.029675613129358697 0.13727090364943917 0.5743782559441524 -0.7786288795487274 -1.420342476652048 0.31284325965663495 0.03407481097866085 -0.13814696690189926 -0.00024227635660689468 -0.25574910864835687 -0.5757717030714438 0.409200962085572 -1.420515931374825 -0.31731121155997255 -0.08840605261249465 -0.15035306481902427 -1.713197102424367e-06 -0.009798547359509302 -0.0002134803265867317
-0.032364007721006643 -0.018006126847074987 1.0465167426138124 -0.02069578528566996 -0.007312268761478709 -0.038999689525937464 0.9989981178229765 -0.10802710906212697 -0.3665165093258026 -0.29024197127422713 0.07725043127057273 0.08281790797172048 -0.3089631092805941 0.610414922713034 -0.2884225323066737 -0.040902393540715815 0.060357232415634926 0.029271565162700162 0.13668468980836046 0.5744095705964394 -0.7797882173006111 -1.4203535869974873 0.31283179103708453 0.03391305070037548 -0.13808586832513706 -0.00024020065409185542 -0.2559996751706089 -0.5757471603721137 0.4081073379143398 -1.4205113332784125 -0.31730568438846635 -0.08855354777871868 -0.1504437500894675 -1.5728395669114394e-06 -0.0098264902692376 -0.00020855322492597205
-0.03230878163224228 -0.018314838166328524 1.0464646780198588 -0.020859163673440505 -0.007159328515841189 -0.03927434368767473 0.998985067573059 -0.10866527047514322 -0.36859770538454567 -0.29060006021684087 0.07781198866322754 0.08370051114176846 -0.3093966099516171 0.6103814120779851 -0.288285859573373 -0.041466815679328146 0.06042204608528835 0.02886981715031003 0.13610177354017303 0.574441094396014 -0.7809383945097295 -1.4203647454753874 0.3128206168441635 0.03375289621876845 -0.1380244187173164 -0.00023798951575389467 -0.25624884874923914 -0.5757224764684078 0.40702401425274415 -1.420506702842513 -0.31729984286296786 -0.08869931716486859 -0.15053471684696282 -1.422753677261433e-06 -0.009854198411224164 -0.00020361715369845082
-0.032253584752765234 -0.018626167806549923 1.0464127982012443 -0.021020176723127747 -0.007007088503281751 -0.03954761460005104 0.9989719911292215 -0.10929771280901372 -0.37066050902673314 -0.29095542001017005 0.0783711763402603 0.08458027284093991 -0.30982762988367685 0.6103476401750645 -0.28814996796644465 -0.042033263985025104 0.06048127214714049 0.028470375337525472 0.1355222099383028 0.5744728284963991 -0.7820793747020071 -1.4203759541469612 0.31280973928777245 0.0335943583919527 -0.1379626016716717 -0.00023564375795175654 -0.2564966201036172 -0.5756976525779539 0.40595107749391834 -1.4205020423997625 -0.31729368756856674 -0.08884335267078171 -0.15062594588322717 -1.265225561614631e-06 -0.009881673463724781 -0.0001986721930166841
-0.03219842339665111 -0.018940128247307297 1.046361105191962 -0.02117880653891533 -0.006855541934191432 -0.03981948888071098 0.9989588920489445 -0.10992439993766179 -0.37270485755484634 -0.2913080052656018 0.07892796427941867 0.08545716665487148 -0.3102561858015944 0.6103136089189279 -0.2880148493927332 -0.04260174611473177 0.06053494969718563 0.028073246008450625 0.13494605455507028 0.5745047740864909 -0.7832111214398865 -1.420387214928514 0.31279916057511264 0.03343744804684464 -0.13790040064382195 -0.00023316441670199475 -0.2567429806778243 -0.5756726896270825 0.40488861293712114 -1.4204973541259098 -0.3172872191220634 -0.08898564621618237 -0.15071741817312578 -1.1022647732238566e-06 -0.009908917141165166 -0.00019371844900376657
-0.03214330349148767 -0.01925670929024506 1.0463096012467454 -0.0213350051822143 -0.006704674827453505 -0.04008994760682971 0.9989457747997209 -0.1105453969564692 -0.37473084975001064 -0.29165783201322876 0.07948231312871837 0.08633104841394348 -0.3106823386659162 0.6102793841846367 -0.2878805273494914 -0.043172212653182634 0.06058313220438457 0.027678420680102227 0.1343733248812641 0.5745368204272613 -0.7843335867118382 -1.4203984093359938 0.31278886042309045 0.033282140897465 -0.13783788643386125 -0.00023055872016688615 -0.2569879596126589 -0.5756476944587995 0.4038367183999265 -1.4204927340709546 -0.31728047059939773 -0.08912622414957316 -0.150809042911547 -9.329883453475948e-07 -0.009935928935111414 -0.00018875725992661643
-0.032088227031696163 -0.01957563885956958 1.046258293184567 -0.02148837771143776 -0.00655439547685745 -0.04035891794855716 0.9989326540189208 -0.1111618668892825 -0.37674040542262577 -0.2920055942577914 0.08003409491191504 0.0872004138982853 -0.3111066451525253 0.610245761839328 -0.2877473863753347 -0.0437439544943708 0.06062604100849746 0.027285729433404276 0.1338036187143894 0.574567612421874 -0.7854466253526934 -1.4204081137009137 0.3127785831842453 0.03312804580605726 -0.13777604280461125 -0.0002278984596866613 -0.2572319810767195 -0.5756239488326163 0.40279559633026407 -1.420489294665414 -0.317273814172592 -0.0892654732514676 -0.15089997672981242 -7.306293737213728e-07 -0.009962683747060256 -0.0001838016527039504
-0.03203320089704021 -0.01989668762139195 1.0462072009048204 -0.021638612582375427 -0.006404673727443605 -0.04062643195846586 0.9989195381141961 -0.11177411684708449 -0.37873489999938054 -0.2923514620710358 0.08058338092520234 0.0880640542661206 -0.31152941208549295 0.610213268788244 -0.2876156785101784 -0.04431638523344841 0.06066389203003185 0.026895148787175957 0.1332368327478336 0.5745964784614379 -0.7865505400539516 -1.420416005954706 0.31276837104083544 0.0329752411006355 -0.13771465940425273 -0.0002251911671687009 -0.2574750687199153 -0.575602035506524 0.4017648437774874 -1.4204872593210922 -0.31726718196669285 -0.08940333090303482 -0.150990327983691 -5.248537748792791e-07 -0.009989177146262568 -0.00017884979319211122
-0.03197823199908652 -0.020219654134308727 1.04615635238339 -0.021785451051837646 -0.006255493324514996 -0.04089254513140669 0.9989064333952458 -0.11238232197386627 -0.3807152510973872 -0.2926954706920333 0.08113028534330335 0.08892094866577185 -0.3119508367626725 0.6101822532466065 -0.2874855632248155 -0.044888999653510085 0.06069689405788052 0.026506677915051707 0.13267290984197272 0.5746231059856682 -0.7876457820391608 -1.4204221114339992 0.31275824105915934 0.03282372895397937 -0.13765360946106722 -0.0002224461187016984 -0.25771718082866785 -0.5755822069388817 0.40074394466178553 -1.4204865878238089 -0.3172605394424094 -0.08953982075990524 -0.15108015775274197 -3.348998816395112e-07 -0.010015401259960687 -0.00017390805481307264
-0.03192332653222539 -0.02054435733911953 1.0461057814449777 -0.02192867239717442 -0.00610684293950628 -0.04115731635542215 0.9988933452109036 -0.11298661663955593 -0.3826820497868024 -0.2930375977643646 0.08167492668050028 0.08977021224218218 -0.3123710458091187 0.6101529330532058 -0.28735713301883714 -0.04546135221341672 0.06072525224535956 0.02612031883711365 0.1321117794301254 0.5746473903577564 -0.788732839855781 -1.4204266133853112 0.3127481963132845 0.03267346637184019 -0.13759282827211916 -0.00021967191241619984 -0.25795829287159017 -0.5755645302107921 0.39973239485726236 -1.4204871222199051 -0.31725387647928177 -0.08967500161292125 -0.15116948630719898 -1.7189649143793597e-07 -0.010041348990031914 -0.00016898331233875335
-0.031868489958795716 -0.020870631813672803 1.046055526175149 -0.022068084457523528 -0.0059587134023443575 -0.04142080021543586 0.9988802784580729 -0.11358710673219252 -0.3846356598188976 -0.29337779065175856 0.08221741306931848 0.09061106299645184 -0.3127901152190844 0.6101254293266348 -0.2872304316097506 -0.04603304310903426 0.06074916103584435 0.025736072477462537 0.13155335343935437 0.574669346533589 -0.7898121869912668 -1.4204297566612585 0.31273823201707485 0.03252438964964629 -0.1375322878633192 -0.00021687592755922975 -0.2581984099683941 -0.5755489654663324 0.39872974589990023 -1.4204886583041652 -0.31724719516887095 -0.08980894217196549 -0.15125830859371334 -4.119438811282235e-08 -0.01006701597567594 -0.00016408108738856145
-0.03181372715740819 -0.021198324542013074 1.0460056276274496 -0.02220351722770181 -0.005811096418841912 -0.04168304387624309 0.9988672378421174 -0.11418387296801027 -0.38657628684050116 -0.29371598115147185 0.08275783643196309 0.09144279927542491 -0.3132080841546895 0.6100997914392554 -0.2871054671068491 -0.04660370868927486 0.06076879708988603 0.02535393788103089 0.13099753460781854 0.5746890567273 -0.7908842585821013 -1.4204317970029838 0.31272833939642514 0.03237642820014181 -0.13747198191676452 -0.00021406430254588887 -0.2584375612037577 -0.5755354115162156 0.39773561702198185 -1.4204909837245254 -0.3172405036047506 -0.08994170992230663 -0.15134660406339415 5.5722997849000014e-08 -0.010092400664402121 -0.00015920542806966133
-0.031759042596831134 -0.021527292626326376 1.0459561287565553 -0.022334818382270378 -0.005663983874389842 -0.04194408626478684 0.9988542280042236 -0.11477697381433626 -0.3885040265039185 -0.2940520946375659 0.08329627112218543 0.09226478395214636 -0.31362496525423694 0.6100760159885706 -0.28698222172823434 -0.04717301463248611 0.06078431551006462 0.02497391227782884 0.13044422474957917 0.5747066393443885 -0.7919494427429865 -1.4204329752334295 0.3127185080350892 0.03222951207026168 -0.13741191662781496 -0.0002112420650944524 -0.2586757911881669 -0.5755237333621996 0.3967496941405037 -1.4204938982107929 -0.3172338126115895 -0.09007336636966516 -0.15143434313211426 1.1982203779670924e-07 -0.010117503770730688 -0.00015435921220946933
-0.03170444049354781 -0.021857401617637752 1.0459070735467875 -0.02246185007569713 -0.005517367460292826 -0.04220395843171656 0.998841253573449 -0.11536644867457478 -0.3904188982133203 -0.2943860558264351 0.08383277484628535 0.09307643303172132 -0.31404075245893187 0.6100540613579097 -0.28686065908190556 -0.04774065096057611 0.060795849087481826 0.024595991420562437 0.12989333038139084 0.5747222305728942 -0.7930080792414751 -1.4204335053464 0.31270872723761356 0.0320835758082869 -0.1373521050354776 -0.00020841328997724977 -0.25891315288955424 -0.575513779220461 0.3957717236905996 -1.4204972236028575 -0.3172271339566949 -0.09020396532288079 -0.15152149153641895 1.535202254346719e-07 -0.010142327648254687 -0.00014954448380419716
-0.03164992494005093 -0.022188524266219374 1.045858506309738 -0.022584486610656762 -0.005371238498746959 -0.042462684453784635 0.9988283191772753 -0.11595232110788557 -0.3923208690318065 -0.29471779229556017 0.08436739061196712 0.09387720727623602 -0.31445542694868267 0.6100338589408796 -0.28674072968855707 -0.04830632831759518 0.060803509508242336 0.024220169996450006 0.12934476589604105 0.5747359735260927 -0.7940604617558941 -1.4204335703333673 0.31269898678362984 0.031938560238884466 -0.137292563468477 -0.00020558124523112765 -0.2591497023610847 -0.575505391219168 0.3948015048106492 -1.4205008078887893 -0.3172204793621432 -0.09033355264366331 -0.15160801327000456 1.6000459577406738e-07 -0.010166875743009493 -0.00014476272560601965
-0.031595500001933466 -0.022520539564850825 1.0458104711258882 -0.022702612709497822 -0.005225587891684818 -0.0427202825188574 0.9988154294307121 -0.11653460185563189 -0.39420987076443126 -0.2950472364812877 0.08490014900486176 0.09466660593715504 -0.3148689616150584 0.6100153218015217 -0.286622375206235 -0.0488697751406975 0.06080738959391725 0.023846442030078564 0.12879845500261075 0.5747480118885134 -0.7951068417295334 -1.4204333222186882 0.3126892773142114 0.03179441305827982 -0.13723330931764907 -0.00020274851745468635 -0.2593854951074568 -0.575498412172289 0.3938388814505704 -1.420504525727336 -0.3172138599705043 -0.09046216668584105 -0.15169387252575356 1.427787940422066e-07 -0.010191152167367405 -0.00014001505880042455
-0.03154116978578842 -0.022853332001648616 1.0457630114067284 -0.022816122211705564 -0.005080406140791856 -0.04297676599969199 0.9988025889157841 -0.11711329157785491 -0.39608581223984196 -0.2953743266778398 0.0854310704166238 0.0954441619855838 -0.31528132441072265 0.6099983513446677 -0.2865055316768041 -0.049430735474013734 0.06080756594114759 0.02347480123082467 0.1282543310822065 0.574758486242338 -0.7961474327762107 -1.4204328842587584 0.3126795905005442 0.03165108878366585 -0.13717435965695562 -0.00019991711646753264 -0.2596205836986505 -0.5754926898599922 0.39288373508258845 -1.4205082769731487 -0.31720728607541704 -0.09058983902774194 -0.1517790349310712 1.0537122906801515e-07 -0.010215161384015091 -0.0001353023829878578
-0.03148693848255198 -0.023186790966858238 1.0457161695567736 -0.022924917076750463 -0.004935683407670377 -0.04323214442745365 0.998789802157855 -0.11768838322827692 -0.39794858817728174 -0.29569900737625926 0.08596016705414024 0.0962094384253865 -0.3156924808305666 0.6099828424308785 -0.28639013202302427 -0.04998896725453924 0.060804101591403426 0.023105241277595997 0.12771233691620631 0.5747675319842469 -0.7971824150901656 -1.4204323541248802 0.31266991908682806 0.031508548368405186 -0.13711573041463423 -0.00019708856211431982 -0.2598550162919518 -0.5754880796828152 0.39193597825428206 -1.4205119841534435 -0.317200767009074 -0.09071659529644475 -0.15186346828202554 5.115497797895995e-08 -0.010238907984738936 -0.00013062547168516688
-0.031432810391153254 -0.023520810275364054 1.045669986717654 -0.023028906608605605 -0.004791409593803536 -0.043486424331025446 0.998777073602222 -0.11825986404797835 -0.39979808559929586 -0.2960212291785134 0.08648744466731766 0.09696202540033869 -0.3161023957241271 0.6099686872696849 -0.28627610796351805 -0.05054424095015149 0.06079704853285132 0.022737756043226635 0.12717242408342191 0.5747752781834637 -0.7982119395943768 -1.4204318073975983 0.31266025686297566 0.03136675866270427 -0.1370574359044149 -0.00019426395660162243 -0.2600888358055677 -0.5754844462316182 0.3909955490212613 -1.42051558949025 -0.3171943111221536 -0.09084245598283233 -0.15194714292609998 -1.6755693720893985e-08 -0.010262396544441364 -0.00012598503594619685
-0.031378789926619084 -0.023855287777753295 1.045624502578999 -0.023128006842814235 -0.004647574424607139 -0.04373960993417397 0.998764407592828 -0.11882771722389737 -0.4016341884567124 -0.2963409484691706 0.08701290398375523 0.09770153789017942 -0.31651103460098196 0.609955778350748 -0.28616339147027087 -0.05109633846380037 0.06078644993514039 0.0223723397573731 0.1266345522106744 0.5747818469962543 -0.7992361317193128 -1.4204313010013874 0.31265059860050937 0.0312256918205102 -0.13699948859242408 -0.00019144404491963873 -0.2603220795578954 -0.5754816641241408 0.3900624062105126 -1.4205190518358948 -0.31718792581783095 -0.09096743720048232 -0.1520300319023822 -9.555721889617588e-08 -0.010285631529858867 -0.00012138176556495816
-0.03132488161628535 -0.02419012504029193 1.0455797552433628 -0.023222140053887213 -0.004504167527917497 -0.043991703718223744 0.9987518083538903 -0.11939192326245116 -0.40345678094110554 -0.2966581269676549 0.08753654186855547 0.09842761384817772 -0.3169183645534152 0.60994401061595 -0.28605191586385015 -0.051645052241302766 0.06077234208180534 0.022008987110804453 0.12609868818548498 0.5747873534104826 -0.80025509478591 -1.4204308763869287 0.31264093997138204 0.03108532470806024 -0.13694189901839582 -0.0001886292658689538 -0.26055477923631404 -0.5754796183396285 0.3891365254281941 -1.4205223437402366 -0.3171816176156018 -0.09109155136863432 -0.1521121109192674 -1.827744163160807e-07 -0.01030861724403312 -0.0001168163547712445
-0.03127109008835604 -0.02452522707972378 1.0455357811350534 -0.02331123435295903 -0.004361178508096423 -0.04424270687301036 0.9987392799742637 -0.11995246105967415 -0.4052657498397701 -0.29697273119943246 0.08805835225591387 0.0991399126749985 -0.3173243548763472 0.6099332830306081 -0.2859416166208663 -0.05219018453707734 0.06075475601885708 0.021647693326788474 0.1255648053838364 0.5747919051872487 -0.8012689129944085 -1.420430562375185 0.3126312774608698 0.03094563834306599 -0.13688467581616004 -0.00018581979557880985 -0.26078696109143934 -0.5754782042003185 0.38821789570296766 -1.4205254487693135 -0.3171753922296052 -0.09121480781590746 -0.15219335822892915 -2.762562956174735e-07 -0.010331357803147477 -0.00011228951691545745
-0.031217420054794623 -0.024860502141615014 1.0454926149439177 -0.023395223353247938 -0.004218597009077325 -0.04449261964820387 0.9987268263946688 -0.12050930876061085 -0.40706098617344144 -0.29728473196615324 0.0885783268786124 0.09983811394869421 -0.3177289774665395 0.6099234996813857 -0.2858324319514109 -0.0527315468027891 0.060733718928437284 0.02128845419392731 0.12503288294811044 0.5747956029231649 -0.8022776540583456 -1.4204303776356286 0.31262160828122837 0.030806617377194617 -0.13682782579629196 -0.0001830155847843521 -0.26101864628420895 -0.5754773271135691 0.3873065166799549 -1.4205283591348317 -0.3171692546527394 -0.0913372133072691 -0.15227375443948138 -3.7415852185436136e-07 -0.010353857129518442 -0.00010780199177955736
-0.03116387629067513 -0.02519586151377197 1.0454502895969608 -0.023474045886965136 -0.00407641276578404 -0.044741441622103535 0.998714451397513 -0.12106244444544745 -0.40884238630140773 -0.2975941038448395 0.08909645583051987 0.10052191635204584 -0.31813220705594103 0.6099145705016071 -0.2857243031929296 -0.05326895917257116 0.06070925525628828 0.020931266067686236 0.12450290512833297 0.574798540188964 -0.8032813715219457 -1.4204303328057641 0.3126119302895704 0.03066824962648481 -0.1367713540659327 -0.00018021639112751384 -0.2612498513292851 -0.5754769021519716 0.38640239628132494 -1.420531073652081 -0.3171632092405964 -0.09145877249993786 -0.15235328229472567 -4.7491833099661023e-07 -0.010376118953297316 -0.00010335454798125759
-0.03111046361257017 -0.025531219368456086 1.045408836252309 -0.023547645761880964 -0.0039346156498826996 -0.044989171910271304 0.9987021585986429 -0.12161184661568493 -0.4106098526423387 -0.29790082469627477 0.08961272800661661 0.10119103675474497 -0.318534021308598 0.6099064117031823 -0.2856171750584454 -0.053802250025075445 0.06068138763943804 0.020576125864133002 0.12397486068350497 0.5748008037182155 -0.8042801067886425 -1.420430432278407 0.3126022419113213 0.030530525649725485 -0.1367152641682771 -0.00017742180732761322 -0.26148058858949924 -0.5754768535209659 0.3855055487497739 -1.4205335960176693 -0.3171572597913924 -0.09157948833641845 -0.1524319264430374 -5.772259780254524e-07 -0.010398146827405731 -9.894798179985599e-05
-0.031057186855886213 -0.02586649262749515 1.0453682843101735 -0.02361597154794804 -0.00379319570218421 -0.04523580931665664 0.9986899514412261 -0.12215749460686176 -0.4123632940941788 -0.2982048752500693 0.09012713142747075 0.10184520941421639 -0.3189344008332359 0.6098989459819638 -0.28551099576860606 -0.0543312556058956 0.060650137640834094 0.02022303102547837 0.12344874235020022 0.574802473631758 -0.8052738909117461 -1.4204306756881704 0.31259254207049586 0.030393438371912353 -0.13665955823025952 -0.00017463128575207114 -0.2617108667940849 -0.5754771139657234 0.3846159930290853 -1.4205359333874596 -0.31715140962088256 -0.09169936238110823 -0.15250967320768927 -6.799952410861403e-07 -0.010419944138240897 -9.458311419889678e-05
-0.03100405085344532 -0.026201600846625497 1.045328661437453 -0.023678976387675313 -0.003652143161689965 -0.04548135244958809 0.9986778331909218 -0.12269936885004878 -0.4141026262504788 -0.29850623870824183 0.09063965349187891 0.10248418527203702 -0.31933332911628126 0.6098921025464606 -0.28540571709319656 -0.05485581969882245 0.06061552634334336 0.019871979488600713 0.12292454636384274 0.5748036236877561 -0.8062627461628447 -1.4204310591350522 0.312582830126279 0.03025698274971782 -0.13660423711070951 -0.00017184416021884114 -0.26194069155288924 -0.5754776241376057 0.38373375141253313 -1.420538095222623 -0.3171456616299639 -0.09181839510776481 -0.15258651036951132 -7.823346632505658e-07 -0.01044151412392358 -9.026078634482288e-05
-0.03095106041505988 -0.026536466115165965 1.0452899936023763 -0.02373661782472224 -0.0035114484864384376 -0.04572579980426057 0.9986658069324447 -0.12323745107434733 -0.4158277714567773 -0.29880490040941216 0.09115028116195174 0.10310773132432746 -0.31973079240857266 0.6098858170134087 -0.28530129432171786 -0.05537579333572564 0.06057757481147863 0.0195229696422721 0.12240227203313979 0.5748043215515115 -0.807246687415516 -1.4204315761795727 0.3125731058161166 0.030121155474704134 -0.1365493005435775 -0.0001690596651177276 -0.2621700658530002 -0.5754783319503182 0.38285884842643814 -1.4205400923727738 -0.317140018365716 -0.09193658614426287 -0.15266242696589338 -8.835206121929399e-07 -0.010462859889661964 -8.59818545784092e-05
-0.030898220308702193 -0.02687101296826996 1.0452523051166416 -0.023788857646842496 -0.003371102368588455 -0.04596914982088338 0.9986538755672177 -0.12377172444937623 -0.41753865875504576 -0.29910084754121313 0.09165900109888306 0.10371563005111176 -0.3201267795778032 0.6098800312037737 -0.28519768617979285 -0.0558910345374833 0.060536304446278145 0.01917600027970374 0.12188192136039938 0.5748046290802586 -0.8082257233655802 -1.4204322186429457 0.31256336920477273 0.029985954710547734 -0.1364947472732297 -0.00016627695235126415 -0.26239899052561566 -0.5754791919412465 0.3819913099096371 -1.4205419363625431 -0.31713448207540296 -0.09205393447977091 -0.1527374131095375 -9.829726595665551e-07 -0.010483984421256516 -8.174718519094312e-05
-0.030845535243973442 -0.02720516830961005 1.0452156186830985 -0.02383566174034152 -0.003231095747592196 -0.04621140092801893 0.9986420418117493 -0.12430217364872054 -0.4192352237560875 -0.2993940688774918 0.0921657997680886 0.10430767889353128 -0.32052128193195445 0.6098746928658539 -0.2850948547053045 -0.056401408080084904 0.06049173726000972 0.018831070557147046 0.12136349869885256 0.5748046026187674 -0.8091998576024584 -1.4204329772431241 0.31255362063872383 0.029851379860819954 -0.13644057517994737 -0.00016349510639632647 -0.2626274646743913 -0.5754801646470142 0.3811311622526065 -1.4205436388493136 -0.31712905475343467 -0.09217043863966454 -0.15281145982851813 -1.0802315416114329e-06 -0.010504890601105115 -7.755764906889901e-05
-0.030793009857124676 -0.02753886134219244 1.045179955446887 -0.02387699995340285 -0.003091419816799306 -0.04645255156886748 0.9986303081969239 -0.12482878490818541 -0.42091740845274195 -0.29968455457441157 0.09267066351008507 0.10488368976786483 -0.3209142930354941 0.6098697553487961 -0.2849927650948355 -0.056906785280557814 0.060443896071363544 0.018488179943468113 0.12084701044812222 0.5748042933027286 -0.8101690895584273 -1.4204338420925708 0.31254386070570933 0.029717431363653197 -0.13638678139455182 -0.00016071315755213954 -0.2628554860638037 -0.5754812160086709 0.38027843178079745 -1.420545211224394 -0.3171237381823444 -0.09228609683191626 -0.15288455892660308 -1.1749397370896144e-06 -0.010525581218160407 -7.341411678278242e-05
-0.030740648698248885 -0.02787202350596581 1.0451453350488666 -0.02391284596673441 -0.0029520660279722705 -0.04669260021877669 0.9986186770678521 -0.1253515460464809 -0.4225851610009871 -0.2999722959955866 0.09317357859313032 0.10544348861013146 -0.3213058085168818 0.6098651772432863 -0.2848913855299134 -0.05740704379912963 0.06039280464479418 0.018147328173108483 0.1203324647792693 0.5748037473663531 -0.8111334153434007 -1.4204348030820526 0.3125340901987704 0.02958411051069557 -0.13633336240205507 -0.0001579300936541438 -0.2630830514637358 -0.5754823168081816 0.3794331442532985 -1.4205466643306912 -0.31711853396791034 -0.0924009070692659 -0.15295670286352905 -1.266824576586553e-06 -0.010546058977363425 -6.931745398100833e-05
-0.03068845622086923 -0.02820458842103508 1.045111775680329 -0.023943177170278506 -0.002813026096087848 -0.04693154539898668 0.9986071505840713 -0.12587044643502213 -0.4242384354873263 -0.30025728554946945 0.09367453125737725 0.10598691494604008 -0.32169582586882434 0.6098609220030827 -0.2847906869906585 -0.05790206745464952 0.06033848779015038 0.017808515208488952 0.11981987138370634 0.5748030064509935 -0.8120928284744708 -1.4204358501710639 0.3125243100842187 0.029451419287856183 -0.1362803141347338 -0.00015514487048972074 -0.26331015694940024 -0.5754834421380358 0.3785953244551317 -1.4205480082736535 -0.31711344356867255 -0.09251486727054382 -0.1530278846541673 -1.3556836881184983e-06 -0.01056632651127749 -6.526851701108715e-05
-0.03063643677283364 -0.028536491834976113 1.0450792941377 -0.02396797454454911 -0.0026742919985265345 -0.04716938568071132 0.9985957307204165 -0.12638547699692917 -0.42587719167791643 -0.3005395165801425 0.09417350773972688 0.10651382147983093 -0.32208434426005617 0.6098569575599796 -0.2846906430620981 -0.058391746050246496 0.06028097141427667 0.017471741193194217 0.11930924124996449 0.5748021079125214 -0.8130473205223034 -1.4204369736012359 0.31251452147352143 0.029319360235084586 -0.1362276320547019 -0.0001523564207823802 -0.2635367981610496 -0.5754845709136602 0.3777649958796478 -1.420549252307408 -0.3171084683213695 -0.09262797534374516 -0.1530980977837401 -1.4413725970116686e-06 -0.01058638638442989 -6.12681492855135e-05
-0.030584594589464758 -0.028867671573853844 1.0450479058769888 -0.02398722254621697 -0.0025358559761457303 -0.04740611969008235 0.9985844192680537 -0.12689663015555908 -0.4275013947743439 -0.30081898325721684 0.09467049429935175 0.10702407370058778 -0.3224713643455405 0.60985325593923 -0.2845912297387093 -0.058875975207823436 0.06022028255201431 0.017137006417432536 0.11880058645786608 0.5748010851242704 -0.8139968816712726 -1.4204381640485528 0.3125047255982287 0.029187936323516895 -0.13617531122727633 -0.00014956366221556734 -0.26376297052225955 -0.5754856854211401 0.3769421804745462 -1.4205504047776756 -0.3171036094615841 -0.09274022925347504 -0.1531673361386562 -1.5237942022669186e-06 -0.010606241101319917 -5.731717786075383e-05
-0.03053293378808547 -0.029198067495891645 1.045017625067134 -0.024000908997033308 -0.0023977105316307632 -0.04764174610885096 0.9985732178359393 -0.12740389979691513 -0.429111015168768 -0.30109568049739843 0.09516547723443498 0.10751754950178014 -0.32285688808865964 0.6098497928832688 -0.28449242523039636 -0.05935465620940748 0.06015644936925191 0.016804311281332 0.11829391999320758 0.5747999677736132 -0.8149415012100644 -1.4204394127261164 0.31249492378800586 0.029057150847944756 -0.13612334638546952 -0.00014676550427611016 -0.26398866942199656 -0.5754867709058316 0.3761268984494354 -1.4205514731088744 -0.31709886814122124 -0.09285162707538851 -0.15323559395006206 -1.6028899680883775e-06 -0.010625893110756133 -5.3416410595073103e-05
-0.030481458364129757 -0.029527621447395413 1.0449884646420204 -0.024009024975778035 -0.0022598484279962956 -0.04787626367506562 0.998562127852499 -0.1279072812145673 -0.4307060282095224 -0.3013696038950677 0.0956584428981617 0.10799413881266091 -0.32324091859098175 0.6098465474881332 -0.28439420977313007 -0.059827695844326144 0.06008950115064591 0.016473656263842992 0.11778925557835651 0.5747987821499482 -0.8158811679556688 -1.4204407114480768 0.31248511745118496 0.028927007332912896 -0.1360717319868004 -0.000143960854206652 -0.26421389036250337 -0.5754878151978302 0.375319168130551 -1.4205524638232099 -0.31709424544258047 -0.09296216703915833 -0.15330286574899982 -1.6786325802051689e-06 -0.010645344810964663 -4.956663364639296e-05
-0.030430172188369894 -0.029856277220336923 1.0449604363507479 -0.024011564712757918 -0.002122262685452099 -0.04810967118185268 0.9985511505676177 -0.12840677106256837 -0.4322864139748313 -0.30164074967337245 0.0961493777105289 0.10845374323926109 -0.3236234599352098 0.6098435018567179 -0.28429656544624043 -0.060295006261072474 0.060019468270853096 0.016145041891280774 0.11728660751939961 0.5747975514225848 -0.8168158706209069 -1.420442052663023 0.3124753080577306 0.02879750945089346 -0.1360204622631565 -0.00014114862205947463 -0.26443862907736276 -0.5754888083751032 0.3745190058582103 -1.4205533825828882 -0.317089742389831 -0.09307184756170689 -0.15336914633115445 -1.7510198483699103e-06 -0.010664598552515758 -4.57686094549567e-05
-0.030379079005297502 -0.03018398051131272 1.0449335508060356 -0.024008525486666304 -0.001984946578079921 -0.04834196747631952 0.9985402870548371 -0.12890236730294213 -0.4338521570592056 -0.30190911464430986 0.09663826816981635 0.10889627571409223 -0.3240045170389924 0.6098406407711495 -0.28419947599815126 -0.06075650482320489 0.05994638215630932 0.01581846870929882 0.1167859905670825 0.5747962959070115 -0.817745598129172 -1.4204434294640398 0.31246549712429733 0.028668660951269104 -0.13596953126477793 -0.00013832772500846076 -0.2646628816225275 -0.5754897424608933 0.3737264259176516 -1.420554234247672 -0.31708535995805187 -0.09318066727221257 -0.1534344307299135 -1.8200696572942265e-06 -0.010683656641052364 -4.2023075081951975e-05
-0.03032818243254919 -0.030510678881597343 1.0449078175306465 -0.02399990752362244 -0.0018478936306205187 -0.04857315145903628 0.99852953821373 -0.12939406914824417 -0.43540324637324124 -0.30217469617495024 0.09712510086460485 0.10932166015365619 -0.3243840955194932 0.6098379513859278 -0.2841029266817186 -0.06121211396871455 0.05987027524083586 0.015493937258819885 0.11628741979011181 0.5747950333183887 -0.8186703398812769 -1.4204448355812442 0.31245568620117675 0.028540465598828103 -0.13591893289917834 -0.00013549709092306473 -0.26488664444358434 -0.5754906111530387 0.3729414404969635 -1.420555022941933 -0.3170810990803123 -0.09328862503044705 -0.15349871419629885 -1.8858158261147861e-06 -0.01070252134041518 -3.8330740838745805e-05
-0.030277485960991418 -0.03083632171797276 1.044883245001674 -0.02398571389815807 -0.0017110976139888142 -0.048803222082480044 0.9985189047725231 -0.1298818770163784 -0.43693967495375713 -0.3024374921682476 0.09760986248335059 0.10972983112260097 -0.3247622015720897 0.6098354229430956 -0.28400690409974705 -0.061661761072300085 0.05979118091334347 0.015171448051285877 0.11579091046156537 0.5747937790116585 -0.8195900859821609 -1.4204462653611978 0.3124458768610745 0.02841292712060451 -0.13586866096586941 -0.0001326556612142974 -0.26510991442311665 -0.5754914095846594 0.37216405966991006 -1.4205557521268446 -0.31707696065317925 -0.09339571993924597 -0.1535619921844225 -1.9483034051449028e-06 -0.01072119487362501 -3.469228932227861e-05
-0.03022699295568079 -0.031160860194300265 1.0448598406928062 -0.023965950436181032 -0.0015745525417602425 -0.04903217835114831 0.9985083872908254 -0.1303657924740382 -0.43846143978901475 -0.3026975010417558 0.09809253982658846 0.11012073350464746 -0.3251388418580471 0.6098330465093438 -0.28391139606137883 -0.06210537831039393 0.05970913346526269 0.014851001549666638 0.11529647795501691 0.5747925462074397 -0.8205048274278796 -1.420447713737146 0.3124360706895054 0.028286049159853117 -0.13581870918791683 -0.00012980238496555172 -0.26533268891001455 -0.5754921341111706 0.371394291394559 -1.4205564246736826 -0.31707294553997434 -0.09350195134812374 -0.15362426034122198 -2.0074355999532565e-06 -0.010739679425286952 -3.11083746141063e-05
-0.030176706657382583 -0.03148424723364564 1.0448376111144557 -0.023940625619903243 -0.0014382526664188247 -0.04926001932198624 0.9984979861625123 -0.13084581818184526 -0.4399685416554978 -0.30295472171141 0.09857311981926259 0.1104943221799264 -0.325514023403869 0.609830814735461 -0.2838163914494318 -0.06254290252872383 0.0596241680357448 0.014532598151544418 0.11480413765208754 0.5747913462061249 -0.8214145562623938 -1.4204491762083116 0.3124262692793609 0.028159835259428334 -0.13576907118924222 -0.0001269362364380833 -0.26555496573413834 -0.5754927821230761 0.37063214152880664 -1.4205570429364014 -0.3170690545753963 -0.09360731886499855 -0.153685514501466 -2.0632702053469032e-06 -0.010757977145343479 -2.757962113362444e-05
-0.030126630184211037 -0.03180643747072239 1.0448165618517922 -0.023909750494329942 -0.001302192473506233 -0.049486744102719735 0.9984877016188896 -0.1313219578636473 -0.4414609849620175 -0.3032091535928917 0.09905158951868626 0.11085056170719293 -0.32588775351584137 0.6098287216375592 -0.2837218800981911 -0.06297427511186707 0.059536320550959206 0.014216238167780915 0.11431390486083087 0.5747901885854046 -0.822319265705531 -1.4204506488005126 0.31241647422398033 0.028034288829010892 -0.13571974051783098 -0.00012405620830601376 -0.26577674320999956 -0.5754933518839966 0.3698776138601906 -1.4205576088212297 -0.31706528856696525 -0.09371182235252418 -0.15374575068382187 -2.1158723858978037e-06 -0.010776090148006954 -2.4106623444460705e-05
-0.030076766534060745 -0.03212738721488676 1.0447966976009861 -0.02387333857568372 -0.0011663666783837178 -0.04971235185362314 0.9984775337318331 -0.13179421624815982 -0.4429387776106091 -0.3034607965868258 0.0995279361284362 0.11118942601249528 -0.32626003969866835 0.6098267623986563 -0.28362785268217755 -0.06339944185516158 0.05944562767043839 0.013901921811107961 0.11382579473992427 0.5747890813831675 -0.8232189502499238 -1.4204521280254314 0.31240668711092323 0.02790941311858989 -0.135670710665617 -0.00012116131247102959 -0.2659980201293693 -0.5754938423866697 0.3691307101407529 -1.420558123851769 -0.31706164829610844 -0.09381546192626618 -0.1538049650898973 -2.1653119273105663e-06 -0.010794020514692542 -2.0689946005748032e-05
-0.03002711858709065 -0.032447054413385704 1.0447780222034828 -0.023831405761505955 -0.0010307702214196628 -0.04993684178767497 0.998467482417156 -0.13226259903183335 -0.4444019308630374 -0.3037096510773131 0.10000214700878117 0.11151089808297958 -0.3266308895872282 0.6098249331905525 -0.28353430061495255 -0.06381835283858336 0.05935212673003122 0.013589649181820228 0.11333982223273584 0.5747880312665657 -0.8241136057376353 -1.420453610839482 0.3123969095167224 0.0277852111971033 -0.13562197508509075 -0.00011825058033985351 -0.26621879574673835 -0.575494253229524 0.36839143013208747 -1.4205585892294061 -0.3170581345190567 -0.0939182379510325 -0.15386315410466475 -2.2116620644812587e-06 -0.01081177029426139 -1.73301232172012e-05
-0.029977689108572524 -0.032765398615007275 1.0447605386785757 -0.023783970242591275 -0.0008953982642715767 -0.050160213172303576 0.9984575474380255 -0.13272711282892954 -0.44585045921952277 -0.3039557179230838 0.1004742096896257 0.11181496966658107 -0.3270003108846825 0.609823231014339 -0.2834412159578764 -0.0642309623027645 0.05925585568909136 0.0132794202583142 0.11285600200785649 0.5747870436873292 -0.8250032294146978 -1.4204550946035563 0.31238714300229387 0.027661685935651353 -0.13557352720304622 -0.0001153230630123928 -0.2664390697581868 -0.5754945845087248 0.36765977165380354 -1.42055900588801 -0.3170547479669646 -0.09402015103537377 -0.1539203142982891 -2.2549985513298625e-06 -0.010829341505307215 -1.4027659462944303e-05
-0.029928480751520208 -0.03308238093392297 1.044744249254168 -0.023731052416561385 -0.0007602461838889524 -0.05038246532873165 0.9984477284086241 -0.13318776514861183 -0.4472843803002048 -0.3041989984654415 0.10094411187855831 0.1121016409766109 -0.3273683113140538 0.609821653559049 -0.28334859133778906 -0.06463722852688307 0.05915685307355026 0.012971234882152996 0.1123743484092255 0.5747861230242634 -0.825887819972216 -1.4204565770439188 0.31237738910917895 0.02753883999429123 -0.13552536043225127 -0.0001123778307967094 -0.26665884227683795 -0.5754948367277457 0.36693573064034923 -1.420559374543377 -0.31705148934605903 -0.09412120202477459 -0.15397644242842523 -2.2953989315147963e-06 -0.010846736134897185 -1.0783029476392052e-05
-0.02987949605976681 -0.03339796401398864 1.0447291553961169 -0.02367267480334422 -0.0006253095687926977 -0.050603597634036206 0.9984380247977792 -0.13364456434815097 -0.44870371473938814 -0.3044394945202777 0.10141184147349451 0.11237092040256931 -0.3277348985721439 0.6098201990763523 -0.28325641987376615 -0.06503711370877018 0.05905515792657413 0.012665092751273716 0.11189487541024512 0.5747852727128376 -0.8267673775680944 -1.4204580562151523 0.31236764935625166 0.027416675812268726 -0.1354774681816925 -0.00010941397256488354 -0.26687811380386983 -0.575495010717552 0.36621930119628093 -1.4205596957366968 -0.3170483593371369 -0.0942213919939903 -0.15403153544330253 -2.3329419252891763e-06 -0.010863956140816025 -7.596678585954994e-06
-0.029830737470888 -0.03371211199330125 1.0447152578360355 -0.02360886196236257 -0.0004905842140317191 -0.050823609521731254 0.9984284359327681 -0.1340975196041783 -0.45010848608265913 -0.304677208380035 0.1018773865721373 0.11262282422618396 -0.3281000802934356 0.6098188662707663 -0.28316469511179926 -0.06543058384698135 0.05895080975779499 0.012360993410363891 0.11141759657533662 0.5747844953630394 -0.8276419038380355 -1.4204595304653065 0.3123579252371194 0.02729519560117561 -0.13542984386511586 -0.00010643059471306368 -0.26709688519796204 -0.5754951075699887 0.3655104756558328 -1.4205599698728633 -0.31704535859517385 -0.09432072223881084 -0.15408559048483766 -2.3677069416463885e-06 -0.010881003451421933 -4.469023172514831e-06
-0.029782207319257455 -0.034024790469148 1.0447025565977963 -0.02353964041155972 -0.00035606611690018825 -0.051042500483181756 0.9984189610031649 -0.13454664087787982 -0.45149872069136465 -0.3049121428103642 0.1023407354825379 0.11285737634331762 -0.3284638640185321 0.6098176542037229 -0.2830734109671281 -0.06581760862501268 0.05884384849641565 0.012058936244565948 0.11094252502616948 0.5747837928658338 -0.8285114018939169 -1.420460998403529 0.31234821821797465 0.027174401340643646 -0.1353824809084503 -0.0001034268198430956 -0.26731515764306496 -0.5754951285805547 0.3648092446420107 -1.4205601972535684 -0.31704248774871063 -0.0944191942674661 -0.15413860489185988 -2.399773682935188e-06 -0.010897879966555597 -1.400451124613501e-06
-0.029733907839160578 -0.03433596646335224 1.0446910510228227 -0.023465038548258165 -0.0002217514731477625 -0.05126027006950873 0.9984095990647395 -0.1349919388765096 -0.45287444765327584 -0.3051443010430771 0.1028018767341308 0.11307460799172327 -0.32882625716713093 0.6098165622103112 -0.2829825616735749 -0.06619816129767236 0.058734314447567625 0.011758920475607428 0.11046967341241103 0.5747831664889475 -0.829375876311676 -1.4204624588702384 0.3123385297358155 0.027054294776069222 -0.13533537275623111 -0.00010040178511974347 -0.2675329326154401 -0.5754950751995453 0.36411559712504726 -1.420560378105604 -0.31703974739913643 -0.09451680979185895 -0.15419057620321283 -2.429221849162179e-06 -0.010914587559486306 1.6086777150843925e-06
-0.029685841167514215 -0.034645608387905945 1.0446807397941096 -0.023385086571717145 -8.763667113847197e-05 -0.05147691789130385 0.9984003490435382 -0.13543342503721909 -0.4542356986932561 -0.30537368678272764 0.10326079908432552 0.11327455748396983 -0.32918726702082035 0.6098155898279558 -0.282892141738832 -0.06657221857945408 0.058622248245977074 0.011460945152400788 0.10999905388948268 0.5747826169632262 -0.830235333115204 -1.4204639109097357 0.3123288611971675 0.02693487741803197 -0.13528851287690447 -9.735464027179521e-05 -0.26775021185193226 -0.5754949489933064 0.36342952048469196 -1.4205605126050118 -0.31703713812012735 -0.09461357071833516 -0.15424150216044907 -2.4561308894667615e-06 -0.010931128075505453 4.558030865420281e-06
-0.029638009346824586 -0.03495368601111651 1.044671620959314 -0.02329981640760811 4.6281712106321494e-05 -0.051692443620256774 0.9983912097399202 -0.1358711114922673 -0.4555825080921593 -0.30560030419959416 0.10371749152820692 0.11345726994668122 -0.3295469007060656 0.609814736735216 -0.2828021459058381 -0.0669397605352205 0.058507690816138685 0.011165009148077033 0.10953067809844094 0.5747821445595148 -0.8310897797501128 -1.4204653537453569 0.31231921397700513 0.02681615054329399 -0.1352418947677245 -9.428454534324321e-05 -0.26796699731785895 -0.5754947516101013 0.3627510005682648 -1.4205606008970322 -0.3170346604568114 -0.0947094791385823 -0.15429138071039852 -2.480579730652399e-06 -0.010947503333454822 7.447302661545244e-06
-0.029590414327991508 -0.035260170424152394 1.0446636919528498 -0.023209261634274017 0.00018000691542677044 -0.05190684698996721 0.9983821798326843 -0.1363050110439152 -0.4569149126071684 -0.30582415792690615 0.10417194330631213 0.113622797065423 -0.32990516518252955 0.6098140027000968 -0.2827125691192666 -0.06730077047304317 0.0583906833329653 0.01087111115598928 0.1090645571502472 0.574781749157179 -0.831939225053021 -1.4204667867570364 0.3123095894180419 0.026698115197133356 -0.13519551195890528 -9.119066802084997e-05 -0.2681832911761385 -0.5754944847524759 0.3620800217488372 -1.4205606431126638 -0.3170323149251654 -0.09480453732068113 -0.15434021000720782 -2.502641560414829e-06 -0.010963715126084258 1.0276213620535301e-05
-0.029543057973074927 -0.03556503400806473 1.0446569496171298 -0.023113457410824108 0.0003135419976806018 -0.05212012779700408 0.9983732578832216 -0.13673513713654023 -0.4582329513960079 -0.3060452530549958 0.10462414391246476 0.11377119683552572 -0.33026206723409396 0.6098133875366639 -0.28262340649675843 -0.06765523483928992 0.058271267185186146 0.010579249687328037 0.1086007016131549 0.5747814303048266 -0.832783679215862 -1.4204682094611296 0.31229998883022875 0.026580772196724122 -0.13514935801738076 -8.80721806049048e-05 -0.2683990957575156 -0.5754941501542521 0.3614165669816667 -1.4205606393820362 -0.3170301020114074 -0.09489874770065072 -0.15438798841408122 -2.5223936355216563e-06 -0.010979765220869561 1.3044509816572909e-05
-0.02949594205791662 -0.03586825040127124 1.044651390222994 -0.023012440407025495 0.00044688984218614863 -0.052332285901518165 0.9983644423397218 -0.13716150383315087 -0.45953666594300807 -0.30626359512710644 0.10507408310040267 0.11390253331867488 -0.33061761346365115 0.609812891069132 -0.28253465330427496 -0.06800314311593128 0.05814948393992007 0.010289423068323584 0.10813912150356074 0.574781187273999 -0.8336231537472841 -1.4204696214923598 0.3122904134904853 0.026464122135339503 -0.13510342655008387 -8.49282565055653e-05 -0.26861441353244586 -0.5754937495621211 0.36076061785982133 -1.4205605898450644 -0.31702802217142706 -0.09499211287376363 -0.15443471450449053 -2.5399123361505185e-06 -0.010995655360377435 1.575196221779836e-05
-0.029449068274647328 -0.03616979446753197 1.044647009489407 -0.022906248734995478 0.0005800531612236051 -0.052543321227628545 0.9983557315414135 -0.13758412579380852 -0.46082609998724317 -0.3064791901352695 0.10552175088961283 0.11401687640532661 -0.3309718102907253 0.6098125131025095 -0.2824463049351556 -0.0683444877200933 0.05802537530883646 0.010001629437649777 0.1076798262797675 0.5747810191064188 -0.8344576614315563 -1.4204710225877277 0.3122808646426326 0.026348165387281415 -0.13505771120688304 -8.17580662177048e-05 -0.26882924708465045 -0.5754932847209736 0.3601121546685284 -1.420560494659715 -0.3170260758302846 -0.0950846355861992 -0.15448038706295258 -2.555272993298221e-06 -0.011011387262378781 1.839836600218605e-05
-0.029402438234188918 -0.03646964226446171 1.0446438026025333 -0.0227949218827174 0.0007130344999526277 -0.05275323376417019 0.9983471237227989 -0.138003018249792 -0.46210129945380096 -0.3066920445119998 0.10596713757144767 0.11411430158311206 -0.3313246639500595 0.6098122533988959 -0.2823583568925859 -0.06867926390590683 0.05789898311713986 0.009715866745962271 0.10722282483765082 0.5747809246552241 -0.8352872162844126 -1.4204724125722241 0.3122713434974631 0.02623290211349071 -0.13501220568331776 -7.856077266383005e-05 -0.269043599086034 -0.5754927573616896 0.35947115643685773 -1.4205603540081437 -0.31702426338167666 -0.0951763187270111 -0.1545250050854243 -2.5685497438829113e-06 -0.01102696262073386 2.0983539916318043e-05
-0.02935605346862469 -0.03676777101255784 1.0446417642342023 -0.022678500649329993 0.0008458362404933436 -0.05296202356507031 0.9983386170179162 -0.1384181969808548 -0.4633623123862952 -0.30690216512296675 0.10641023371419969 0.1141948897110082 -0.33167618049255826 0.6098121116587886 -0.28227080477491484 -0.06900746966860545 0.05777034927365192 0.009432132755221942 0.1067681255087976 0.5747809026209078 -0.8361118335079802 -1.420473791346203 0.3122618512323004 0.02611833226847328 -0.13496690372312464 -7.533552522657382e-05 -0.26925747227342894 -0.575492169191749 0.3588376009881549 -1.4205601681010591 -0.3170225851873201 -0.09526716532016243 -0.1545685677792599 -2.5798153373438144e-06 -0.01104238310594435 2.3507325621196653e-05
-0.02930991543341176 -0.037064159064742086 1.0446408885598084 -0.02255702708216394 0.0009784606063706423 -0.053169690749093904 0.998330209464635 -0.1388296782983659 -0.46460918887973307 -0.30710955926235856 0.10685103016666063 0.1142587267991849 -0.33202636578871797 0.6098120875067139 -0.2821836442633991 -0.06932910565085386 0.0576395157412285 0.009150425037232462 0.10631573606131525 0.574780951582311 -0.8369315294461163 -1.4204751588735458 0.31225238896581337 0.026004455614477954 -0.13492179912206206 -7.208144836243746e-05 -0.26947086942718207 -0.5754915218882186 0.3582114649887286 -1.4205599371803568 -0.3170210415722847 -0.09535717851403715 -0.1546110745621861 -2.5891390253089886e-06 -0.011057650365273512 2.596958754991672e-05
-0.029264025509509545 -0.03735878587665238 1.0446411692755624 -0.022430544415634423 0.0011109096667985508 -0.053376235500380856 0.998321899008901 -0.13923747902440786 -0.46584198101477964 -0.307314234645968 0.10728951806294172 0.1143059037951378 -0.3323752255338934 0.6098121804816988 -0.2820968711125765 -0.06964417505164786 0.05750652451277392 0.008870740972417067 0.10586566369593566 0.5747810700331706 -0.8377463215383505 -1.4204765151794196 0.312242957838539 0.025891271688023434 -0.13487688572597897 -6.879765900449599e-05 -0.26968379335512427 -0.5754908170946422 0.35759272400220493 -1.4205596615246234 -0.31701963284074597 -0.0954463615868995 -0.1546525250622412 -2.5965950971957706e-06 -0.01107276602172865 2.837021050776866e-05
-0.029218385005602424 -0.037651631977113235 1.0446425996156647 -0.022299097011624157 0.001243185339876513 -0.0535816580681965 0.998313683509016 -0.13964161646804946 -0.4670607427969198 -0.30751619939889246 0.10772568882521591 0.11433651637447295 -0.3327227652507477 0.6098123900287526 -0.28201048114212124 -0.06995268353677546 0.057371417583114155 0.008593077752861455 0.1054179150552901 0.5747812563933099 -0.8385562282715123 -1.4204778603324069 0.3122335589295962 0.025778779854647847 -0.13483215743578247 -6.548322957696021e-05 -0.26989624687029373 -0.5754900564140559 0.3569813525263217 -1.4205593414457995 -0.31701835925870536 -0.09553471792688549 -0.1546929191159956 -2.602253018307275e-06 -0.011087731677071177 3.070910080119855e-05
-0.029172995159996194 -0.03794267893939271 1.0446451723687837 -0.022162730301697253 0.0013752893969632238 -0.053785958766630164 0.9983055607398985 -0.14004210840886563 -0.468265530093444 -0.3077154620495277 0.10815953416629359 0.11435066473783094 -0.33306899029637915 0.609812715494511 -0.28192447023047285 -0.07025463915188938 0.057234236924878605 0.008317432381222472 0.10497249622805369 0.5747815090302282 -0.8393612691333325 -1.420479194438527 0.31222419328625545 0.025666979298529374 -0.1347876082082818 -6.213718509451363e-05 -0.2701082327757463 -0.575489241407117 0.35637732403947014 -1.4205589772898632 -0.3170172210594929 -0.09562225102933482 -0.15473225676737926 -2.6061805440677506e-06 -0.011102548910660471 3.298618505479895e-05
-0.029127857142589798 -0.038231909353043034 1.0446488798942135 -0.022021490731025693 0.0015072234661515213 -0.0539891379747155 0.9982975283972978 -0.1404389730743661 -0.46945640057306065 -0.30791203151807106 0.1085910460926103 0.11434845341355851 -0.3334139058680404 0.609813156124914 -0.2818388343100387 -0.07055005223781531 0.057095024466629 0.008043801672646695 0.10452941275354205 0.5747818262769663 -0.8401614645667137 -1.4204805176356714 0.31221486192475467 0.025555869028585754 -0.13474323205797087 -5.8758490721730336e-05 -0.2703197538500456 -0.5754883735900159 0.35578061104279357 -1.4205585694363474 -0.3170162184441036 -0.09570896449112612 -0.15477053826571685 -2.608443871630537e-06 -0.011117219280572405 3.5201409585614635e-05
-0.029082972056651644 -0.038519306796272766 1.0446537141376415 -0.02187542570392013 0.0016389890363923119 -0.05419119613574099 0.9982895841020222 -0.14083222912520324 -0.470633413644945 -0.3081059171097592 0.10902021690544737 0.11432999106562698 -0.33375751701096273 0.6098137110648133 -0.2817535693634045 -0.07083893534797074 0.0569538220705263 0.007772182254725091 0.10408866962823789 0.574782206447101 -0.8409568359257491 -1.4204818300885012 0.31220556583071457 0.025445447884769098 -0.13469902305854442 -5.534603556804378e-05 -0.2705308128344872 -0.5754874544340117 0.3551911851021061 -1.4205581182972795 -0.31701535158142335 -0.09579486200496057 -0.15480776406351973 -2.6091076931381146e-06 -0.011131744323457564 3.7354739745067924e-05
-0.029038340940591018 -0.03880485580890571 1.044659666646614 -0.021724583530996242 0.0017705874611262681 -0.05439213375683398 0.9982817254041195 -0.14122189563626056 -0.4717966303998973 -0.30829712850481433 0.10944703920236142 0.11429539030703229 -0.33409982862549203 0.6098143793590334 -0.2816686714206387 -0.07112130316794811 0.05681067151188763 0.007502570568949803 0.1036502713127578 0.5747826478471447 -0.8417474054317082 -1.4204831319838676 0.3121963059595592 0.025335714544398306 -0.13465497534441348 -5.189861217172751e-05 -0.2707414124213695 -0.5754864853651134 0.3546090168874329 -1.4205576243155804 -0.31701462060831515 -0.09587994735378776 -0.15484393481411027 -2.6082351835662815e-06 -0.011146125555024882 3.9446159318885614e-05
-0.028993964769660548 -0.03908854186590362 1.0446667285856923 -0.02156901337792332 0.0019020199618861274 -0.05459195140835434 0.9982739497870289 -0.14160799207940297 -0.4729461135521733 -0.3084856757487512 0.10987150587798668 0.1142447675184637 -0.3344408454745091 0.6098151599546862 -0.28158413655742903 -0.07139717243720228 0.05666561445958353 0.0072349628722646045 0.1032142217394835 0.5747831487868795 -0.8425331961300604 -1.4204844235268306 0.3121870832369957 0.025226667528460624 -0.13461108311208952 -4.841489005555938e-05 -0.27095155524353515 -0.575485467764298 0.354034076211151 -1.4205570879631368 -0.3170140256297919 -0.09596422440556385 -0.15487905136899263 -2.6058879759386857e-06 -0.011160364470372223 4.1475669935231786e-05
-0.02894984445761933 -0.03937035135146217 1.0446748907513288 -0.02140876521573711 0.00203328763167955 -0.054790649723302325 0.9982662546716896 -0.14199053830541097 -0.47408192738253857 -0.30867156924155353 0.11029361012459472 0.11417824267221086 -0.3347805721905784 0.6098160517044448 -0.2814999608939467 -0.07166656187282708 0.05651869245765626 0.006969355239239381 0.10278052432049835 0.5747837075879784 -0.843314231848453 -1.4204857049372808 0.3121778985594955 0.025118305207807605 -0.1345673406215297 -4.489338102256214e-05 -0.2711612438650125 -0.5754844029679198 0.3534663320644238 -1.4205565097385615 -0.31701356671919506 -0.09604769710826416 -0.1549131147750426 -2.602126121766243e-06 -0.011174462544509756 4.3443290500410284e-05
-0.02890598085833155 -0.0396502715336752 1.0446841435864682 -0.021243889772683527 0.002164391438298502 -0.054988229396654556 0.9982586374206079 -0.14236955452601383 -0.47520413768228786 -0.308854819726584 0.11071334543227607 0.11409593916119048 -0.33511901328307486 0.6098170533705554 -0.2814161405942618 -0.07192949209538363 0.056369946907915004 0.006705743564376549 0.10234918195580683 0.5747843225913455 -0.844090537156213 -1.420486976447235 0.3121687527944891 0.025010625809410426 -0.1345237421974599 -4.1332392406246525e-05 -0.271370480772815 -0.5754832922683442 0.35290575265227686 -1.4205558901646742 -0.3170132439183354 -0.09613036948505319 -0.1549461262715159 -2.597008030002784e-06 -0.011188421232988773 4.53490566591426e-05
-0.028862374767242047 -0.03992829053975323 1.044694477194868 -0.021074438487551153 0.0022953322279021336 -0.05518469118436666 0.9982510953418905 -0.14274506129922543 -0.4763128116974033 -0.3090354382815831 0.11113070558829216 0.11399798363292298 -0.33545617314601917 0.6098181636294118 -0.2813326718660932 -0.07218598555673053 0.05621941905286219 0.006444123563461562 0.10192019704206483 0.5747849921636413 -0.8448621373265411 -1.4204882382987232 0.31215964677116026 0.02490362742496979 -0.13448028223117578 -3.772996124575561e-05 -0.2715792683700847 -0.5754821369149838 0.3523523054277718 -1.4205552297856503 -0.3170130572361628 -0.09621224562860796 -0.15497808728665122 -2.5905897181065076e-06 -0.011202241972244955 4.719302048559549e-05
-0.02881902692275243 -0.040204397331876064 1.0447058813550936 -0.020900463464513318 0.0024261107287135773 -0.055380035902535193 0.9982436256932145 -0.14311707951489294 -0.47740801807311123 -0.30921343631017884 0.1115456846765689 0.1138845058286147 -0.3357920560664963 0.6098193810769569 -0.2812495509609943 -0.07243606646995573 0.056067149960954236 0.006184490774196807 0.10149357147872294 0.5747857147072392 -0.8456290583009334 -1.4204894907457994 0.3121505813118408 0.024797308000962248 -0.13443695518048787 -3.408377275007925e-05 -0.27178760897208887 -0.5754809381164103 0.3518059571282649 -1.4205545291654824 -0.3170130066552084 -0.0962933297015706 -0.15500899943462224 -2.5829279893671126e-06 -0.011215926179146653 4.8975249156278045e-05
-0.028775938007669876 -0.04047858168349867 1.0447183455344362 -0.02072201742937296 0.0025567275537929316 -0.05557426442683169 0.9982362256857287 -0.14348563037312675 -0.4784898268018761 -0.3093888255275509 0.11195827707736933 0.11375563842690997 -0.33612666623033716 0.6098207042334297 -0.28116677417472874 -0.07267976074107216 0.05591318051204794 0.005926840559775274 0.10106930667762544 0.5747864886623548 -0.8463913266544418 -1.4204907340518131 0.3121415571988032 0.02469166536057179 -0.13439375557222275 -3.0391017067873184e-05 -0.271995504800274 -0.5754796970397871 0.35126667380358695 -1.4205537888831914 -0.31701309212530565 -0.09637362592722405 -0.1550388645118415 -2.5740767538709226e-06 -0.011229475253517885 5.0695825421146094e-05
-0.02873310865023359 -0.040750834156295025 1.044731858902392 -0.020539153687262345 0.0026871832055245085 -0.05576737769148517 0.9982288924879134 -0.14385073537376014 -0.47955830916849407 -0.3095616179559426 0.11236847746619787 0.11361151689240813 -0.33646000773220897 0.609822131548908 -0.28108433784742315 -0.07291709590275702 0.055757551384682004 0.00567116810633608 0.10064740356902206 0.5747873125165636 -0.8471489695680824 -1.4204919684932464 0.31213257518562193 0.02458669720011124 -0.13435067800334946 -2.664818895721091e-05 -0.2722029579821385 -0.575478414813316 0.3507344208512378 -1.4205530095298793 -0.3170133135661515 -0.09645313858650198 -0.15506768449341224 -2.564088278590304e-06 -0.01124289057593095 5.235484693436019e-05
-0.028690539425001035 -0.04102114607774039 1.0447464103439053 -0.02035192608184471 0.0028174780798693962 -0.05595937668957516 0.9982216232293021 -0.14421241629614184 -0.4806135376974129 -0.3097318259157538 0.11277628081512037 0.11345227932919448 -0.3367920845851596 0.6098236614086731 -0.2810022383636508 -0.0731481010500875 0.055600303049379976 0.005417468419938586 0.10022786260209643 0.5747881848173729 -0.8479020148054 -1.4204931943660883 0.31212363599557996 0.024482401083357093 -0.1343077171424119 -2.285076082692336e-05 -0.272409970556456 -0.5754770925289492 0.3502091630527399 -1.420552191705732 -0.31701367086748033 -0.09653187201257206 -0.15509546152938808 -2.5530133561407956e-06 -0.011256173499431792 5.3952426191166534e-05
-0.028648230852926955 -0.041289509519229786 1.044761988472258 -0.02016038895571507 0.002947612473697048 -0.05615026247325412 0.9982144150041332 -0.14457069519506294 -0.48165558609608183 -0.3098994620328662 0.11318168239434657 0.11327806633799072 -0.3371229007373312 0.6098252921380966 -0.2809204721509999 -0.07337280677784862 0.05544147576845125 0.005165736311140316 0.09981068374814495 0.5747891041744768 -0.8486504906269756 -1.4204944119661775 0.3121147402885169 0.024378774099300487 -0.13426486771876472 -1.8992622194279914e-05 -0.2726165444927815 -0.5754757312515173 0.3496908646245678 -1.4205513360184026 -0.31701416388920683 -0.09660983058397626 -0.1551221979433849 -2.540901347473433e-06 -0.011269325296825302 5.5488688062298626e-05
-0.02860618341460079 -0.04155591727482969 1.044778581648732 -0.019964597092343817 0.003077586560406685 -0.05634003614962178 0.9982072648756685 -0.1449255943991079 -0.48268452927271777 -0.31006453917846705 0.11358467775845897 0.11308902082804365 -0.33745246001169216 0.6098270220010423 -0.280839035682936 -0.0735912451058041 0.055281109502454726 0.004915966622414637 0.09939586763587821 0.5747900691815314 -0.8493944242313596 -1.4204956212296762 0.3121058889793737 0.02427581479804454 -0.13422212458390922 -1.5828796631609886e-05 -0.2728226815896895 -0.5754743319885824 0.34917948912746577 -1.4205504432283587 -0.31701479247254305 -0.09668701874912977 -0.1551478962587329 -2.5278044168204955e-06 -0.011282347373765508 5.6963760030096404e-05
-0.028564397531719778 -0.04182036283811124 1.0447961779820252 -0.019764605719227522 0.0032074004343944137 -0.05652869888099795 0.9982001698787866 -0.1452771364491172 -0.48370044316394334 -0.31022707051362924 0.11398526275577558 0.11288528798603072 -0.33778076621456743 0.6098288492236719 -0.2807579254836546 -0.07380344944656086 0.05511924401234852 0.0046681538289816416 0.09898341322563736 0.5747910784932094 -0.8501338450295383 -1.4204968224918426 0.3120970825981957 0.02417351997493398 -0.13417948260938145 -1.3233491848947845e-05 -0.2730283835827428 -0.5754728957342432 0.34867499965799936 -1.4205495139421584 -0.31701555640822804 -0.0967634409675031 -0.15517255912996294 -2.513761443963907e-06 -0.011295240966082655 5.8377796157880014e-05
-0.028522873581322973 -0.04208284038248319 1.0448147653481947 -0.01956047044924338 0.0033370540854235384 -0.05671625188126101 0.9981931270242129 -0.14562534410990016 -0.4847034047587896 -0.3103870694352377 0.11438343351492856 0.11266701508873748 -0.3381078230727998 0.6098307719923478 -0.28067713813015016 -0.07400945453265863 0.054955918766343995 0.004422292290483984 0.09857331912574736 0.5747921307647769 -0.8508687828131112 -1.4204980160781295 0.312088321763134 0.024071886753901497 -0.1341369367509349 -1.1103703876718894e-05 -0.2732336520493742 -0.5754714234419994 0.3481773587618286 -1.4205485487891236 -0.31701645547217616 -0.09683910175603898 -0.15519618937481441 -2.4988161630285615e-06 -0.01130800736271503 5.973096157550559e-05
-0.028481611895280624 -0.042343344741402035 1.0448343314026656 -0.019352247246266066 0.0034665474065526595 -0.05690269641658233 0.9981861333018606 -0.14597024036328504 -0.48569349204528445 -0.3105445495835453 0.11477918644699084 0.11243435137760278 -0.33843363425072376 0.6098327884569459 -0.280596670250102 -0.07420929636088447 0.054791172947334654 0.004178376230137365 0.09816558358338391 0.574793224659758 -0.851599267683864 -1.4204992022861196 0.31207960707751614 0.023970912198466695 -0.13409448203838545 -9.35508197469978e-06 -0.2734384884376647 -0.5754699160340764 0.3476865284838435 -1.4205475484156713 -0.317017489414015 -0.09691400567318934 -0.15521878997176144 -2.4830113177289253e-06 -0.011320647842808246 6.102343201297131e-05
-0.028440612760707584 -0.042601871388981194 1.04485486359213 -0.019139992391921788 0.0035958801986688037 -0.05708803380540802 0.9981791856841469 -0.14631184839063557 -0.4866707839627132 -0.3106995248354365 0.11517251824532816 0.11218744793760677 -0.33875820335914614 0.6098348967350133 -0.28051651852172627 -0.07440301213826893 0.0546250454510831 0.00393639972828722 0.09776020447682408 0.5747943588653387 -0.8523253300521528 -1.4205003813969108 0.31207093912522615 0.023870593300255573 -0.1340521135765662 -7.918550972186577e-06 -0.27364289407722303 -0.5754683744041704 0.3472024704005579 -1.4205465134800501 -0.3170186579563072 -0.09698815731281225 -0.15524036405582073 -2.4663882977745638e-06 -0.011333163665651135 6.225539405663425e-05
-0.028399876420692197 -0.04285841642095057 1.0448763491662885 -0.018923762453262334 0.0037250521742273027 -0.05727226541737668 0.9981722811293016 -0.14665019156099585 -0.4876353603550944 -0.3108520092979612 0.11556342588303724 0.11192645757943999 -0.33908153396228363 0.6098370949160512 -0.2804366796741213 -0.07459064022942245 0.05445757487918434 0.0036963567202070034 0.09735717931577911 0.5747955321006089 -0.853047000628302 -1.4205015536820913 0.3120623184697262 0.023770926977932243 -0.1340098265464288 -6.737545961931845e-06 -0.2738468701832137 -0.5754667994188808 0.3467251456464027 -1.4205454446480632 -0.31701996079486067 -0.09706156130063018 -0.15526091491435953 -2.448987009783173e-06 -0.011345556070010258 6.342704502491819e-05
-0.028359403075272897 -0.04311297653603156 1.044898775189447 -0.018703614251442725 0.003854062959966556 -0.05745539267227287 0.9981654165846003 -0.14698529341624247 -0.48858730192717664 -0.31100201729790156 0.11595190661014293 0.11165153472521332 -0.3394036295821418 0.6098393810656688 -0.2803571504879645 -0.0747722201052841 0.054288799531328355 0.003458240997767603 0.09695650524486671 0.5747967431202142 -0.853764310407663 -1.4205027194073392 0.3120537456537024 0.0236719100781977 -0.13396761620585196 -5.765747610946487e-06 -0.27405041785749945 -0.5754651919182777 0.3462545149362302 -1.420544342589736 -0.31702139759923564 -0.09713422229157244 -0.1552804459831355 -2.4308458280982777e-06 -0.011357826275574193 6.453859271543737e-05
-0.028319192882457878 -0.04336554901772765 1.0449221285519035 -0.01847960483138941 0.003982912099519379 -0.05763741703877922 0.9981585889895358 -0.14731717765871263 -0.4895266902011757 -0.3111495633724366 0.11633795795025825 0.11136283529755012 -0.3397244937025573 0.6098417532296169 -0.28027792779619376 -0.07494779229325223 0.054118757397079144 0.003222046211742916 0.09655817904918088 0.5747979907155107 -0.8544772906529038 -1.420503878834137 0.3120452211990475 0.023573539377865486 -0.1339254778901054 -4.9652273863772815e-06 -0.2742535380890723 -0.5754635527167029 0.34579053858683245 -1.4205432079768827 -0.3170229680133689 -0.0972061449674641 -0.15529896084246145 -2.4120016019621597e-06 -0.011369975483977878 6.559025508152892e-05
-0.028279245959266158 -0.043616131716545825 1.0449463959811238 -0.018251791432467006 0.004111599055884272 -0.057818340033272464 0.9981517952789076 -0.14764586813890118 -0.49045360747462424 -0.3112946622598162 0.1167215776971993 0.11106051661208628 -0.34004412977281995 0.6098442094376305 -0.28019900848463136 -0.07511739832870429 0.05394748614795609 0.002987765874684944 0.09616219716105248 0.5747992737142942 -0.8551859728746591 -1.4205050322204695 0.31203674560700023 0.023475811586483902 -0.1338834070121618 -4.304928512028612e-06 -0.27445623175431444 -0.5754618826036546 0.3453331765376412 -1.4205420414813366 -0.31702467165617115 -0.09727733403480056 -0.15531646321350273 -2.39248968940574e-06 -0.011382004879666749 6.658225989596897e-05
-0.028239562382732612 -0.04386472303264122 1.0449715640526889 -0.018020231460119825 0.004240123214019779 -0.05799816321854638 0.9981450323858394 -0.1479713888450653 -0.4913681367787798 -0.3114373288915561 0.11710276391137575 0.11074473727326997 -0.3403625412114962 0.6098467477070828 -0.280120389492456 -0.07528108070787423 0.05377502312966663 0.0027553933634384712 0.09576855566776653 0.5748005909798347 -0.8558903888118491 -1.4205061798210405 0.3120283193584114 0.023378723349283804 -0.13384139906288203 -3.7594218831910985e-06 -0.27465849961748257 -0.5754601823449632 0.3448823883712244 -1.4205408437736662 -0.31702650812211897 -0.09734779422256001 -0.15533295695467067 -2.372343998069653e-06 -0.011393915630178409 6.751484439486855e-05
-0.028200142190971736 -0.0441113218988935 1.0449976192010455 -0.017784982458493952 0.0043684838830081235 -0.05817688820280226 0.9981382972447023 -0.14829376389004323 -0.4922703618387102 -0.3115775783824345 0.11748151491654384 0.11041565707354406 -0.34067973140911917 0.6098493660463825 -0.28004206781269997 -0.07543888284209777 0.053601405355286166 0.002524921922999252 0.09537725031937223 0.5748019414093768 -0.8565905704109944 -1.4205073218872084 0.31201994291403484 0.023282271250278607 -0.1337994496112324 -3.3078871839649004e-06 -0.2748603423310667 -0.5754584526835724 0.34443813333238776 -1.4205396155222123 -0.31702847698178493 -0.09741753028013139 -0.15534844605812975 -2.351597029563733e-06 -0.011405708886983437 6.838825495182121e-05
-0.02816098538417418 -0.044355927764391276 1.0450245477300217 -0.017546102083987727 0.004496680298466024 -0.05835451663851033 0.9981315867939645 -0.14861301750070427 -0.4931603670336834 -0.3117154260226226 0.11785782929625767 0.11007343689566117 -0.3409957037313668 0.609852062458169 -0.27996404049254847 -0.07559084901335446 0.053426669498522684 0.002296344669521331 0.09498827653708267 0.5748033239325743 -0.8572865498062266 -1.4205084586668746 0.31201161671487415 0.02318645181540206 -0.13375755430440606 -2.9332784216043588e-06 -0.27506176043655894 -0.5754566943406335 0.3440003703473298 -1.420538357392373 -0.31703057778239047 -0.09748654697527473 -0.15536293464634543 -2.330279930674784e-06 -0.011417385785740523 6.920274673752612e-05
-0.028122091925580617 -0.04459854057832348 1.0450523358231207 -0.01730364807971816 0.004624711624934192 -0.05853105022131573 0.99812489797896 -0.14892917400755756 -0.4940382373584707 -0.3118508872700743 0.11823170589032228 0.10971823861812027 -0.341310461522084 0.6098548349422774 -0.27988630463352915 -0.07573702433109131 0.05325085188744483 0.0020696545932840328 0.09460162942186631 0.5748047375098996 -0.8579783592996649 -1.4205095904043554 0.31200334118254575 0.02309126151563225 -0.1337157088679298 -2.6216405161186033e-06 -0.27526275436542974 -0.5754549080165893 0.34356905804228227 -1.4205370700460416 -0.31703281004832856 -0.09755484909211427 -0.15537642696869888 -2.3084225395800388e-06 -0.011428947446466527 6.995858338585115e-05
-0.028083461742475176 -0.04483916077427135 1.0450809695536076 -0.017057678250885847 0.004752576958027075 -0.05870649068907175 0.9981182277545688 -0.14924225783318637 -0.494904058385906 -0.3119839777418835 0.11860314379137993 0.10935022502369417 -0.341624008105625 0.6098576814984699 -0.2798088573916807 -0.07587745469030673 0.0530739884988595 0.0018448445623091194 0.09421730376290378 0.5748061811309995 -0.8586660313418016 -1.420510717340235 0.3119951167196364 0.022996696770082963 -0.13367390910578536 -2.361549599252125e-06 -0.27546332444011856 -0.5754530943920037 0.3431441547611629 -1.4205357541411539 -0.31703517328167113 -0.09762244142925197 -0.15538892739816482 -2.286053432736028e-06 -0.011440394974014018 7.065603668099984e-05
-0.0280450947271365 -0.04507778925488474 1.0451104348943696 -0.01680825044099897 0.004880275326675351 -0.0588808398208191 0.9981115730878204 -0.14955229348204563 -0.49575791623005716 -0.3121147132067035 0.11897214234133194 0.10896955971087811 -0.34193634678931933 0.6098606001289669 -0.2797316959775916 -0.07601218673084137 0.05289611495292568 0.001621907325550045 0.09383529404618675 0.5748076538131706 -0.8593495985126699 -1.4205118397112544 0.3119869437100782 0.022902753949038703 -0.1336321509004774 -2.143654625187179e-06 -0.2756634708752824 -0.5754512541284993 0.3427256185829695 -1.4205344103313262 -0.31703766696268626 -0.09768932879793835 -0.1554004404280302 -2.263200014701015e-06 -0.01145172945825529 7.12953862424378e-05
-0.028006990737775444 -0.045314427376937444 1.0451407177275578 -0.016555422508938534 0.005007805695300739 -0.05905409943580321 0.9981049309604151 -0.14985930553025767 -0.4965998975103491 -0.3122431095771534 0.11933870112775626 0.10857640700821891 -0.3422474808656833 0.6098635888407749 -0.2796548176563681 -0.07614126779785275 0.05271726650819294 0.001400835516155927 0.09345559446305934 0.5748091545999096 -0.8600290935035022 -1.420512957750215 0.31197882251951753 0.02280942937691178 -0.1335904302130821 -1.96030195899008e-06 -0.2758631937791655 -0.575449387869624 0.34231340733859794 -1.420533039265557 -0.3170402905503762 -0.09775551602046745 -0.15541097066867415 -2.239893645022334e-06 -0.01146295197430637 7.18769192194067e-05
-0.027969149599467207 -0.04554907693675422 1.0451718038540152 -0.016299252306842694 0.005135166965874957 -0.059226271392561924 0.9980982983711599 -0.150163318614887 -0.4974300893167652 -0.3123691829018411 0.11970281998038128 0.1081709318914567 -0.34255741361426756 0.609866645647815 -0.27957821974755354 -0.0762647459034447 0.052537478057111835 0.0011816216549512593 0.09307819891864089 0.574810682559531 -0.8607045490988151 -1.420514071685878 0.3119707534956748 0.022716719335116868 -0.13354874308329348 -1.8052279295294687e-06 -0.27606249315501075 -0.5754474962415663 0.34190747862688614 -1.4205316415879425 -0.31704304348291723 -0.09782100792818967 -0.1554205228443627 -2.216159286497667e-06 -0.011474063582879813 7.24009299998448e-05
-0.02793157110502967 -0.04578174015599368 1.0452036790024737 -0.01603979765877384 0.00526235798014474 -0.05939735758791487 0.9980916723383317 -0.15046435742519182 -0.49824857917547716 -0.31249294935892297 0.12006449896733383 0.1077532999033258 -0.3428661483038277 0.6098697685728897 -0.2795018996249072 -0.07638266968940254 0.05235678412163132 0.0009642581532450933 0.09270310104039599 0.5748122367839548 -0.861375998159486 -1.4205151817429145 0.3119627369687151 0.02262462006484977 -0.13350708562938451 -1.6733070219720373e-06 -0.2762613689027243 -0.5754455798540564 0.34150778983061786 -1.420530217937451 -0.317045925178239 -0.09788580935998667 -0.15542910179010364 -2.192020743139964e-06 -0.011485065330267592 7.286771991733043e-05
-0.027894255015922444 -0.04601241966778858 1.0452363288385467 -0.01577711634016649 0.005389377521590454 -0.05956735995610584 0.9980850499019501 -0.15076244669201716 -0.4990554550158766 -0.31261442524823074 0.12042373839159083 0.10732367707605713 -0.3431736881937782 0.6098729556494514 -0.27942585471619535 -0.07649508839103145 0.05217521884938115 0.0007487373163116718 0.0923302941864736 0.5748138163875071 -0.8620434736060004 -1.4205162881418087 0.3119547732515637 0.022533127769783143 -0.13346545404828014 -1.5603455772010716e-06 -0.2764598208203424 -0.5754436393009822 0.34111429813150945 -1.4205287689474668 -0.3170489350364953 -0.09794992516021357 -0.15543671244965815 -2.1675008825994825e-06 -0.011495958248625896 7.327759720513467e-05
-0.027857201063069055 -0.046241118503211144 1.04526973897348 -0.015511266057993004 0.005516224317609071 -0.05973628046783774 0.9980784281259784 -0.15105761117941477 -0.49985080513809155 -0.3127336269851448 0.12078053878720459 0.10688222985630592 -0.3434800365361683 0.6098762049233651 -0.2793500825029164 -0.07660205180200362 0.051992816010447 0.0005350513460194233 0.09195977145331703 0.574815420505889 -0.8627070084025816 -1.420517391098833 0.3119468626403849 0.022442238618776224 -0.1334238446151606 -1.4629133362441976e-06 -0.2766578486067991 -0.5754416751624574 0.34072696052692714 -1.4205272952467685 -0.3170520724332845 -0.09801336017878338 -0.1554433598687378 -2.1426214514084025e-06 -0.011506743356522544 7.363087598265981e-05
-0.027820408947749467 -0.04646784007810817 1.0453038949727202 -0.015242304431695594 0.005642897041359304 -0.0599041211294233 0.9980718041004382 -0.1513498756749364 -0.5006347181814624 -0.3128505710931581 0.12113490091565389 0.10642912503277353 -0.3437851965767133 0.6098795144542581 -0.2792745805199142 -0.07670361024032128 0.05180960899364579 0.0003231923444162444 0.09159152568454744 0.5748170482951293 -0.8633666355416133 -1.4205184908259032 0.3119390054147673 0.022351948748299717 -0.13338225368373133 -1.3782045915651845e-06 -0.27685545186269017 -0.5754396880037225 0.3403457338417112 -1.4205257974580885 -0.31705533672806463 -0.0980761192677406 -0.15544904919593744 -2.1174036238341017e-06 -0.011517421658646453 7.392787684264847e-05
-0.027783878342445435 -0.04669258818024251 1.0453387823642537 -0.01497028897479981 0.00576939431361023 -0.06007088398196025 0.9980651749434457 -0.15163926498000962 -0.5014072830940899 -0.3129652741965347 0.12148682576220139 0.10596452966615014 -0.344089171555835 0.6098828823169073 -0.27919934635504895 -0.07679981451523135 0.051625630803853934 0.00011315231711742926 0.09122554947856122 0.5748186989306103 -0.8640223880284529 -1.4205195875304695 0.3119312018381412 0.022262254264967772 -0.1333406776859375 -1.3039251347673056e-06 -0.277052630092426 -0.5754376783760423 0.3399705747424655 -1.4205242761983892 -0.31705872726209783 -0.09813820728101776 -0.1554537856785303 -2.0918674617600256e-06 -0.011527994146336457 7.416892623572817e-05
-0.02774760889162314 -0.046915366956751484 1.045374386646714 -0.014695277077202945 0.005895714704810026 -0.060236571100409315 0.9980585378031737 -0.15192580390235977 -0.5021685891027068 -0.31307775301472285 0.1218363145320571 0.10548861102135025 -0.34439196471019273 0.6098863066025014 -0.2791243776487175 -0.07689071589510241 0.051440914059252066 -9.507682416538764e-05 0.09086183519648222 0.5748203716062726 -0.8646742988673694 -1.42052068141544 0.3119234521581157 0.022173151247921137 -0.13329911313174414 -1.2381994941113746e-06 -0.27724938270642774 -0.5754356468176894 0.3396014397515661 -1.4205227320788278 -0.31706224335882716 -0.09819962907300289 -0.1554575746594704 -2.066032037158357e-06 -0.011538461797528791 7.435435621994512e-05
-0.02771160021254286 -0.047136180901922245 1.0454106932972906 -0.014417325988134666 0.0060218567368880566 -0.060401184592802956 0.9980518898597298 -0.1522095172468134 -0.5029187256838343 -0.31318802435541115 0.12218336864672054 0.10500153650209243 -0.3446935792735386 0.6098897854197747 -0.27904967209342013 -0.07697636607626417 0.051255490989055234 -0.00030150325839278086 0.0905003749698411 0.5748220655337917 -0.8653224010475489 -1.420521772679062 0.31191575660680293 0.022084635751149172 -0.13325755660895103 -1.1794949813383122e-06 -0.2774457090231141 -0.575433593854573 0.3392382852601185 -1.4205211657046966 -0.3170658843242708 -0.09826038949719836 -0.15546042157448678 -2.039915500814752e-06 -0.011548825577072992 7.448450422828639e-05
-0.027675851896050603 -0.047355034845270504 1.045447687779422 -0.014136492799759433 0.006147818885048504 -0.06056472659944176 0.9980452283269601 -0.15249042980675862 -0.5036577825356144 -0.3132961051079876 0.12252798974026477 0.10450347358769012 -0.34499401847752803 0.6098933168960421 -0.27897522743328595 -0.07705681715276708 0.05106939343144339 -0.0005061352520737295 0.09014116070817084 0.5748237799418118 -0.8659667275296394 -1.4205228615147987 0.31190811540114277 0.021996703805738253 -0.13321600478295056 -1.1265594809438998e-06 -0.27764160827093554 -0.5754315200008493 0.3388810675405177 -1.4205195776753914 -0.3170696494474699 -0.09832049340500071 -0.15546233194921594 -2.0135351463673367e-06 -0.01155908643699471 7.455971283673776e-05
-0.027640363507333413 -0.047571933939915954 1.0454853555502703 -0.013852834431399593 0.006273599579637311 -0.06072719929207278 0.9980385504541753 -0.15276856635648678 -0.5043858495502369 -0.31340201223777614 0.12287017965556912 0.10399458977197253 -0.34529328555269034 0.6098968991781426 -0.27890104146352523 -0.07713212158703307 0.050882652831670934 -0.0007089811565295441 0.08978418410659676 0.5748255140752823 -0.8666073112330245 -1.4205239481112197 0.31190052874323243 0.021909351422051592 -0.13317445439643236 -1.0783705037494357e-06 -0.2778370795905403 -0.5754294257596178 0.33852974275883957 -1.4205179685843963 -0.31707353800094834 -0.09837994564451806 -0.15546331139638167 -1.9869074637771142e-06 -0.011569245316540626 7.458032953066856e-05
-0.027605134586686 -0.04778688365125075 1.0455236820679945 -0.013566407614371346 0.006399197207829413 -0.06088860487315484 0.9980318535278004 -0.15304395164258716 -0.5051030167874344 -0.3135057627794544 0.12320994044066863 0.10347505250434016 -0.34559138372895176 0.6099005304332874 -0.2788271120299104 -0.07720233218138843 0.050695300240574885 -0.0009100494047292276 0.08942943665317359 0.5748272671947791 -0.8672441850232752 -1.4205250326518521 0.3118929968206382 0.021822574591843103 -0.13313290226909236 -1.0340934736405302e-06 -0.2780321220368527 -0.5754273116234334 0.3381842669865221 -1.4205163390192739 -0.3170775492411524 -0.09843875105945192 -0.155463365613038 -1.96004818307287e-06 -0.011579303142488038 7.454670648510574e-05
-0.027570164650242843 -0.04799988974588955 1.0455626527988078 -0.013277268877404946 0.006524610115393508 -0.06104894557508567 0.9980251348729496 -0.1533166103764876 -0.5058093744484758 -0.31360737383135523 0.12354727434501875 0.10294502913282892 -0.3458883162363388 0.6099042088498362 -0.2787534370281938 -0.07726750205043958 0.05050736631320852 -0.001109348508513151 0.08907690963620749 0.5748290385759123 -0.8678773817002875 -1.420526115315049 0.3118855198067147 0.021736369290307787 -0.133091345297273 -9.930475597956647e-07 -0.27822673458127645 -0.5754251780749292 0.3378445962119252 -1.4205146895616851 -0.31708168240891865 -0.09849691448803997 -0.15546250037783613 -1.932972318638694e-06 -0.011589260829238442 7.445920034380498e-05
-0.027535453190709543 -0.04821095828089822 1.045602253223834 -0.012985474532640548 0.006649836608342955 -0.061208223659488706 0.9980183918549269 -0.15358656722649092 -0.5065050128510808 -0.3137068625493416 0.12388218381584036 0.10240468684917685 -0.34618408630540354 0.6099079326379959 -0.2786800144035364 -0.07732768459428148 0.05031888130779666 -0.0013068870556003488 0.08872659415139014 0.5748308275087415 -0.8685069339867147 -1.4205271962738344 0.3118780978609138 0.021650731478074368 -0.13304978045359928 -9.546777052063108e-07 -0.2784209161138574 -0.575423025587336 0.33751068635135983 -1.4205130207874128 -0.3170859367299177 -0.0985544407620373 -0.15546072154834983 -1.9056942053605627e-06 -0.011599119279034795 7.43181720083569e-05
-0.027500999678077384 -0.04842009559329243 1.0456424688457566 -0.012691080662178746 0.0067748749545702685 -0.06136644141650315 0.9980116218806526 -0.15385384681021708 -0.5071900224049999 -0.3138042461409435 0.12421467149445198 0.10185419263581237 -0.3464786971676107 0.6099117000304554 -0.2786068421499159 -0.07738293347251014 0.05012987508488735 -0.0015026737066825085 0.08837848110882987 0.57483263329723 -0.8691328745168667 -1.4205282756957474 0.31187073112909586 0.021565657103147316 -0.1330082047865736 -9.185317196160846e-07 -0.2786146654454807 -0.575420854625013 0.33718249325981253 -1.4205113332664039 -0.3170903114151064 -0.09861133470575689 -0.15545803505843542 -1.8782275335615152e-06 -0.011608879382123696 7.412398643061945e-05
-0.02746680356033128 -0.048627308289801364 1.0456832851952678 -0.012394143105172768 0.00689972338540726 -0.06152360116411259 0.9980048224000185 -0.15411847368687348 -0.5078644935883934 -0.3138995418593312 0.12454474021265269 0.10129371321472738 -0.34677215205555095 0.6099155092829553 -0.27853391830953533 -0.07743330257902258 0.049940377106764196 -0.0016967171924191264 0.08803256123993437 0.5748344552587105 -0.8697552358259437 -1.4205293537426733 0.31186341974383014 0.021481142102785036 -0.1329666154201525 -8.842415235070773e-07 -0.27880798131005136 -0.5754186656439176 0.3368599727412432 -1.4205096275628215 -0.31709480566117176 -0.09866760113515692 -0.15545444691563445 -1.850585382890018e-06 -0.011618542017004806 7.387701241356017e-05
-0.02743286426412984 -0.0488326032368896 1.045724687837313 -0.01209471744544282 0.007024380097223374 -0.06167970524747701 0.9979979909071706 -0.15438047235006505 -0.5085285169247963 -0.31399276699779766 0.12487239298910785 0.10072341499815532 -0.34706445420325843 0.6099193586748028 -0.2784612409721892 -0.07747884601757685 0.04975041643703487 -0.0018890263106972186 0.08768882510425448 0.5748362927234114 -0.8703740503398337 -1.4205304305706874 0.3118561638246956 0.021397182405312472 -0.1329250095532821 -8.515077891610649e-07 -0.2790008623667554 -0.5754164590921379 0.3365430805587183 -1.4205079042351079 -0.31709941865097546 -0.09872324485695258 -0.15544996319860785 -1.822780255390978e-06 -0.01162810805056515 7.357762241424981e-05
-0.027399181195469472 -0.04903598755103163 1.0457666623771351 -0.011792858999599342 0.007148843253001663 -0.06183475603828581 0.9979911249417227 -0.15463986722076598 -0.5091821829607605 -0.3140839388843844 0.1251976330257648 0.10014346404101838 -0.3473556068464892 0.6099232465093334 -0.27838880827461376 -0.07751961807809571 0.04956002174042851 -0.002079609923959824 0.08734726309622731 0.5748381450340151 -0.8709893503653354 -1.4205315063298982 0.3118489634785789 0.02131377393187966 -0.13288338445940623 -8.200873665682284e-07 -0.27919330720234425 -0.5754142354104238 0.3362317724442569 -1.4205061638360548 -0.3171041495539937 -0.09877827066776232 -0.15544459005460862 -1.7948241056916406e-06 -0.01163757833818245 7.322619235140327e-05
-0.027365753740351655 -0.04923746858923313 1.0458091944661279 -0.011488622805663765 0.007273110983796706 -0.06198875593415244 0.9979842220898999 -0.15489668263992273 -0.5098255822443136 -0.31417307487609786 0.12552046370432496 0.0995540259951183 -0.3476456132227288 0.6099271711143254 -0.27831661839986804 -0.07755567321369967 0.049369221282840554 -0.002268476956291335 0.08700786545172084 0.574840011545199 -0.871601168080591 -1.4205325811642697 0.3118418187999709 0.021230912598190977 -0.13284173748596714 -7.897829931063113e-07 -0.27938531433334945 -0.5754119950326184 0.335926004108187 -1.4205044069128825 -0.31710899752674804 -0.0988326833533144 -0.1554383336970037 -1.7667283667616257e-06 -0.011646953723937526 7.282310142040081e-05
-0.027332581265447874 -0.04943705393979367 1.0458522698075001 -0.011182063612172395 0.0073971813901036005 -0.06214170735805085 0.9979772799856125 -0.1551509428607693 -0.510458805304187 -0.31426019235285496 0.12584088858278072 0.09895526606501853 -0.3479344765710044 0.6099311308423674 -0.27824466957673055 -0.07758706601844975 0.04917804293161575 -0.0024556363903480063 0.08667062225441896 0.5748418916231682 -0.8722095355257673 -1.4205336552114294 0.31183472987124633 0.021148594316164462 -0.13280006605389474 -7.604348682174181e-07 -0.27957688220825344 -0.5754097383860142 0.3356257312480789 -1.420502634007327 -0.3171139617132289 -0.09888648768769766 -0.15543120040283173 -1.7385039784296278e-06 -0.01165623504096409 7.2368731917686e-05
-0.027299663118701155 -0.049634751413303015 1.0458958741617295 -0.010873235867736907 0.00752105254346201 -0.06229361275768686 0.9979702963114676 -0.1554026720430616 -0.5110819426291857 -0.31434530871316263 0.12615891139186236 0.0983473489654879 -0.348222200132295 0.6099351240711921 -0.2781729600789784 -0.07761385120576221 0.048986514155839045 -0.0026410972651851276 0.0863355234423438 0.5748437846453314 -0.8728144845946745 -1.4205347286025394 0.31182769676296973 0.021066814995547373 -0.1327583676570057 -7.319137472063343e-07 -0.2797680092099101 -0.5754074658919934 0.3353309095580057 -1.4205008456557469 -0.3171190412453511 -0.0989396884326221 -0.15542319651036884 -1.710161416745273e-06 -0.011665423111274 7.186346905558785e-05
-0.027266998629984433 -0.049830569033870946 1.0459399933518534 -0.010562193711073269 0.007644722487653307 -0.062444474605025016 0.9979632687997083 -0.15565189424468923 -0.5116950846489475 -0.3144284413674823 0.12647453603172543 0.09773043888062709 -0.3485087871489748 0.6099391492039606 -0.27810148822481834 -0.07763608358751611 0.04879466202708706 -0.0028248686729083613 0.08600255881392671 0.5748456899998242 -0.8734160470259585 -1.420535801462078 0.31182071953416113 0.020985570545486235 -0.13271663986148693 -7.041153082716508e-07 -0.2799586936576249 -0.5754051779662414 0.33504149473668077 -1.4204990423892112 -0.31712423524334254 -0.09899229033673122 -0.1554143284167791 -1.6817107133167399e-06 -0.011674518746281254 7.130770080096237e-05
-0.02723458711169112 -0.050024515030578545 1.0459846132685529 -0.01024899096145891 0.007768189240169967 -0.06259429539572081 0.9979561952330944 -0.1558986334156859 -0.5122983217146861 -0.314509607733642 0.12678776656849977 0.09710469942445772 -0.34879424086495053 0.6099432046695223 -0.2780302523761896 -0.07765381805379533 0.04860251322011866 -0.0030069597563279413 0.08567171803424041 0.5748476070851805 -0.8740142543952646 -1.4205368739076945 0.31181379823259164 0.02090485687605217 -0.13267488030526234 -6.769555212003292e-07 -0.28014893380951256 -0.5754028750192889 0.33475744249602196 -1.4204972247336247 -0.31712954281619965 -0.09904429813496136 -0.15540460257574895 -1.6531614851673539e-06 -0.011683522746745806 7.070181770227014e-05
-0.027202427859348167 -0.05021659782915221 1.0460297198750657 -0.009933681109626696 0.007891450793457086 -0.06274307764866378 0.9979490734457147 -0.15614291339065503 -0.5128917440809969 -0.3145888252309714 0.12709860723102548 0.09647029360306501 -0.34907856452527414 0.6099472889226324 -0.27795925093814305 -0.07766710955327938 0.04841009401391686 -0.003187379706017889 0.08534299064095453 0.5748495353099344 -0.8746091381073438 -1.4205379460500183 0.31180693289505035 0.02082466989971068 -0.13263308669741236 -6.503668741126277e-07 -0.28033872786467584 -0.5754005574568208 0.33447870856901607 -1.4204953932098332 -0.3171349630620844 -0.09909571654790705 -0.15539402549519166 -1.624522954616155e-06 -0.011692435903095875 7.004621273220921e-05
-0.0271705201521916 -0.05040682604385064 1.04607529921191 -0.009616317309068742 0.008014505116264361 -0.06289082390548652 0.9979419013237403 -0.15638475788237952 -0.5134754418879547 -0.31466611127543437 0.1274070624075467 0.0958273837781619 -0.34936176137605895 0.6099514004441446 -0.27788848235816077 -0.07767601307424554 0.04821743029278428 -0.0033661377578576624 0.08501636605030308 0.5748514740922989 -0.87520072938878 -1.4205390179925028 0.3118001235476287 0.020745005532757318 -0.13259125681752704 -6.242952756295882e-07 -0.28052807396551066 -0.5753982256801353 0.3342052487176626 -1.4204935483337522 -0.31714049506875847 -0.09914655028123533 -0.15538260373495788 -1.5958039732464956e-06 -0.01170125899545804 6.9341281126372e-05
-0.027138863253760033 -0.05059520846956295 1.0461213374014398 -0.009296952367750496 0.00813735015480696 -0.06303753673014867 0.9979346768061149 -0.15662419047434242 -0.5140495051441213 -0.31474148327379603 0.12771313664253117 0.09517613163211452 -0.34964383466396376 0.6099555377411723 -0.2778179451255445 -0.07768058362618498 0.04802454754770749 -0.003543243190087048 0.08469183356279861 0.5748534228597799 -0.8757890592807039 -1.4205400898312313 0.31179337020598497 0.02066585969671059 -0.13254938851509063 -5.986975293158592e-07 -0.28071697019985703 -0.5753958800864167 0.3339370187403178 -1.4204916906164902 -0.3171461379139877 -0.09919680402513692 -0.1553703439045993 -1.5670130412067228e-06 -0.011709992793976538 6.858742023391963e-05
-0.02710745641245824 -0.0507817540741112 1.0461678206522185 -0.008975638740213737 0.00825998383399364 -0.06318321870851458 0.9979273978851865 -0.15686123461395868 -0.5146140237099414 -0.31481495861844855 0.12801683463349917 0.09451669813432403 -0.3499247876358782 0.6099596993472236 -0.27774763777076095 -0.07768087622200211 0.04783147087781924 -0.0037187053207061505 0.08436938236892522 0.5748553810488498 -0.8763741586320271 -1.4205411616547483 0.31178667287561845 0.020587228319667385 -0.1325074797088233 -5.735392628849483e-07 -0.28090541460323465 -0.5753935210691085 0.333673974479036 -1.4204898205644856 -0.31715189066596444 -0.09924648245380788 -0.15535725266114783 -1.5381583279487943e-06 -0.011718638058932194 6.778502936698221e-05
-0.027076298862119146 -0.05096647199075457 1.0462147352632243 -0.008652428520063678 0.008382404058569354 -0.06332787244798198 0.9979200626072793 -0.15709591360534386 -0.515169087281836 -0.31488655468189347 0.12831816122795164 0.09384924350896795 -0.350204623538439 0.6099638838223084 -0.2776775588648092 -0.07767694586079203 0.04763822499206808 -0.003892533504725307 0.08404900155468013 0.5748573481046041 -0.8769560580928633 -1.4205422335438802 0.31178003155212713 0.020509107337598857 -0.13246552838603093 -5.487932367130028e-07 -0.28109340516102066 -0.5753911490182101 0.33341607182656235 -1.420487938679644 -0.3171577523837184 -0.09929559022495672 -0.15534333670692613 -1.5092476928424692e-06 -0.011727195540995692 6.693450965809004e-05
-0.02704538982253845 -0.05114937151088933 1.0462620676278798 -0.008327373432823701 0.008504608714309853 -0.06347150057711792 0.9979126690732089 -0.15732825060257802 -0.5157147853767147 -0.31495628881174126 0.12861712142033577 0.0931739272040281 -0.350483345617714 0.6099680897530219 -0.2776077070185515 -0.0776688475111728 0.047444834211004136 -0.004064737131713922 0.0837306801070796 0.574859323480472 -0.8775347881084338 -1.4205433055715766 0.3117734462214764 0.020431492695617625 -0.13242353260192677 -5.244379608183601e-07 -0.28128093981069735 -0.5753887643206572 0.3331632667333074 -1.4204860454594828 -0.31716372211753596 -0.09934413197932913 -0.15532860278737948 -1.4802887026759233e-06 -0.011735665981287167 6.603626391663551e-05
-0.027014728500027715 -0.05133046207694075 1.046309804237926 -0.008000524829155455 0.008626595669033883 -0.06361410574535341 0.997905215438741 -0.15755826860203442 -0.5162512073173086 -0.3150241783248241 0.12891372034911136 0.09249090786162924 -0.3507609571184802 0.6099723157526051 -0.2775380808821147 -0.07765663609517223 0.04725132246877975 -0.004235325622879735 0.08341440691941619 0.5748613066378603 -0.878110378912933 -1.4205443778027138 0.3117669168602488 0.020354380349204615 -0.1323814904789837 -5.004565688080447e-07 -0.2814680164439421 -0.5753863673605277 0.33291551521376833 -1.420484141397278 -0.317169798909367 -0.09939211234028619 -0.15531305768894454 -1.4512886479417928e-06 -0.011744050111714522 6.509069649574717e-05
-0.02698431408794097 -0.051509753275441945 1.0463579316871257 -0.007671933678425788 0.008748362773667653 -0.06375569062268299 0.9978976999149958 -0.15778599043522393 -0.5167784422178907 -0.3150902405018313 0.12920796329385323 0.09180034328959447 -0.351037461283673 0.6099765604609851 -0.27746867914425727 -0.07764036647264196 0.04705771331525249 -0.004404308428442306 0.08310017079648 0.5748632970458463 -0.878682860523854 -1.4205454502939203 0.31176044343590137 0.020277766265400194 -0.1323394002062597 -4.768358938212478e-07 -0.2816546329087844 -0.5753839585193324 0.3326727733529473 -1.4204822269822255 -0.3171759817932494 -0.09943953591340915 -0.15529670823692854 -1.4222545602355313e-06 -0.011752348655130872 6.409821315861975e-05
-0.026954145767199063 -0.05168725483029686 1.046406436674811 -0.0073416505626161315 0.00886990786323074 -0.06389625789941673 0.9978901207687976 -0.1580114387611376 -0.5172965789706518 -0.31515449258160216 0.1294998556724627 0.09110239043421958 -0.3513128613536876 0.6099808225447906 -0.2773995005317558 -0.07762009342619354 0.04686402991827863 -0.004571695024876536 0.0827879604596347 0.574865294180858 -0.8792522627364916 -1.4205465230933891 0.3117540259070084 0.020201646423943148 -0.13229726003874556 -4.5356571842859214e-07 -0.281840787011705 -0.5753815381762377 0.33243499731246484 -1.420480302699599 -0.3171822697957224 -0.09948640728612093 -0.15527956129341383 -1.393193227089259e-06 -0.011760562325600613 6.3059220951423e-05
-0.026924222706793424 -0.05186297659622241 1.0464553060092676 -0.007009725670560253 0.008991228757845908 -0.064035810285949 0.9978824763229733 -0.1582346360588682 -0.5178057062325013 -0.3152169517557459 0.12978940303843592 0.09039720535420587 -0.35158716056578443 0.6099851006973485 -0.27733054380876865 -0.07759587164663743 0.04667029506612429 -0.004737494912355008 0.0824777645518328 0.5748672975263891 -0.8798186151188255 -1.4205475962407033 0.31174766422350636 0.020126016818367298 -0.13225506829670133 -4.3063815837128523e-07 -0.2820264765197738 -0.5753791067083386 0.33220214333661585 -1.420478369030921 -0.3171886619362597 -0.09953273102734025 -0.15526162375516672 -1.364111216431012e-06 -0.01176869182855519 6.197412807731567e-05
-0.026894544064298365 -0.05203692855236639 1.046504526610973 -0.00667620879250707 0.009112323263616233 -0.06417435051258882 0.997874764956598 -0.15845560461938346 -0.518305912412606 -0.3152776351625806 0.13007661107825375 0.08968494319576084 -0.35186036215321553 0.6099893936386592 -0.27726180777624676 -0.07756775571892142 0.04647653117007656 -0.0049017176118839045 0.08216957164243503 0.5748693065726747 -0.8803819470064561 -1.4205486697666294 0.3117413583269221 0.02005087345705588 -0.13221282336504064 -4.080471683015047e-07 -0.2822116991626734 -0.5753766644908078 0.3319741677580152 -1.4204764264541343 -0.317195157227691 -0.09957851168718314 -0.1552429025515774 -1.3350157927247329e-06 -0.011776737861132295 6.0843343778016715e-05
-0.026865108986359694 -0.05220912079609616 1.0465540855156759 -0.006341149314993113 0.009233189173547254 -0.06431188132940194 0.9978669851051909 -0.15867436653771824 -0.5187972856602872 -0.31533655988152937 0.13036148560882385 0.08896575816879086 -0.3521324693445085 0.6099937001153538 -0.27719329127131165 -0.07753580010854573 0.04628276026716352 -0.005064372662693598 0.08186337023197489 0.5748713208164079 -0.8809422874979376 -1.4205497436929366 0.31173510815059396 0.019976212364243354 -0.13217052369270246 -3.857881328784726e-07 -0.28239645263486296 -0.5753742118972188 0.33175102700373327 -1.4204744754439087 -0.31720175467716893 -0.09962375379966393 -0.15522340464288623 -1.3060177088386028e-06 -0.011784701112388241 5.96672782038308e-05
-0.026835916609187056 -0.05237956353695629 1.046603969877334 -0.006004596216019433 0.009353824268360213 -0.06444840550611063 0.9978591352608639 -0.15889094370443205 -0.5192799138536005 -0.31539374292695616 0.1306440325750433 0.0882398035241915 -0.3524034853625309 0.6099980189006341 -0.2771249931666731 -0.07750005914845207 0.04608900402303303 -0.005225469619425425 0.08155914875677876 0.5748733397604331 -0.881499665450229 -1.420550818032164 0.31172891361990185 0.019902029580977434 -0.13212816779209793 -3.6385753928693595e-07 -0.2825807345973937 -0.5753717492994891 0.3315326775996509 -1.4204725164715946 -0.3172084532856398 -0.0996684618764971 -0.15520313701753738 -1.2771215382235909e-06 -0.011792582263581092 5.8446342325920305e-05
-0.02680696605903469 -0.052548267090789295 1.046654166970903 -0.0056665980605243955 0.009474226317288255 -0.06458392583202646 0.99785121397242 -0.15910535779698362 -0.5197538845883918 -0.31544920124203873 0.13092425804744806 0.08750723153218988 -0.352673413423562 0.6100023487941935 -0.27705691237003927 -0.07746058702636967 0.04589528373499117 -0.005385018049353018 0.08125689559345925 0.574875362913449 -0.882054109474383 -1.4205518927874046 0.311722774652462 0.01982832116601291 -0.13208575423857535 -3.4225271110859007e-07 -0.28276454267997725 -0.5753692770681149 0.33131907617613565 -1.4204705500055508 -0.3172152520488528 -0.09971264040992121 -0.1551821066904135 -1.2483307437334236e-06 -0.011800381988491378 5.7180947816117324e-05
-0.02677825645267394 -0.05271524187401756 1.0467046641949855 -0.005327202996142935 0.009594393078830728 -0.06471844511603188 0.9978432198454072 -0.1593176302707397 -0.5202192851678962 -0.31550295169246984 0.13120216821997743 0.0867681934617132 -0.35294225673631086 0.6100066886221187 -0.27698904782353306 -0.07741743777260852 0.045701620335192275 -0.00554302752959672 0.0809565990633032 0.5748773897897183 -0.88260564793146 -1.4205529679520659 0.3117166911583146 0.019755083196642466 -0.13204328166995494 -3.209715957556534e-07 -0.2829478744829437 -0.5753667955722855 0.3311101794730501 -1.4204685765113596 -0.31722214995787745 -0.09975629387251396 -0.15516032070076222 -1.219648611761399e-06 -0.011808100953737745 5.5871506943666306e-05
-0.026749786897859687 -0.05288049839808187 1.0467554490743396 -0.004986458749244195 0.00971432230146139 -0.06485196618659837 0.9978351515421261 -0.15952778234972115 -0.5206762025928494 -0.31555501106001 0.13147776940783118 0.08602283956075672 -0.3532100185008709 0.610011037236777 -0.27692139850311853 -0.07737066524828887 0.04550803439396416 -0.005699507644302965 0.08065824743653491 0.5748794199087751 -0.8831543089286306 -1.4205540435096078 0.31171066304009487 0.019682311769456225 -0.13200074878613588 -3.000125914894571e-07 -0.2831307275791647 -0.5753643051799753 0.3309059443445789 -1.4204665964520597 -0.317229145999677 -0.09979942671702782 -0.15513778611009588 -1.1910782703783983e-06 -0.011815739819108741 5.451843247705962e-05
-0.02672155649380159 -0.05304404726403356 1.0468065092622565 -0.004644412621242276 0.00983401172422937 -0.06498449189186528 0.9978270077815931 -0.15973583501655245 -0.5211247235522514 -0.3156053960354579 0.13175106804545575 0.08527131903774124 -0.3534767019074608 0.6100153935166861 -0.2768539634180645 -0.07732032313399981 0.045314546123306876 -0.00585446798159355 0.08036182893640757 0.5748814527951019 -0.8837001203153406 -1.4205551194332338 0.311704690193177 0.019610003001020806 -0.13195815434882588 -2.7937441604991827e-07 -0.2833130995158818 -0.5753618062579436 0.330706327763741 -1.4204646102883927 -0.317236239157737 -0.09984204337625421 -0.1551145100000768 -1.162622694450567e-06 -0.011823299238025164 5.3122137593608576e-05
-0.02669356433161685 -0.05320589915727749 1.0468578325428013 -0.004301111485168473 0.009953459077376044 -0.0651160250997617 0.9978187873394618 -0.15994180900233784 -0.5215649344145451 -0.3156541232117735 0.13202207068464844 0.08451378004380339 -0.35374231013525603 0.6100197563663661 -0.27678674161038447 -0.07726646491886993 0.0451211753805337 -0.006007918130681613 0.08006733174323155 0.5748834879778373 -0.8842431096797855 -1.4205561956855626 0.3116987725057918 0.01953815302844622 -0.13191549718138085 -2.5905600005921675e-07 -0.28349498781656474 -0.5753592991717777 0.3305112868268799 -1.4204626184790714 -0.3172434284128063 -0.09988414826291489 -0.15509049947035344 -1.1342847127699857e-06 -0.011830779857929812 5.1683035794360524e-05
-0.0266658094947766 -0.05336606484246255 1.0469094068329237 -0.0039566017824997565 0.01007266208290437 -0.06524656869818747 0.9978104890479008 -0.16014572477601918 -0.5219969212193346 -0.3157012090769456 0.1322907839927995 0.08375036965600956 -0.35400684635115587 0.6100241247161723 -0.27671973215428275 -0.07720914389004321 0.04492794167207904 -0.00615986767894803 0.07977474399828571 0.5748855249904812 -0.8847833043455512 -1.4205572722182567 0.31169290985910614 0.01946675800982151 -0.1318727761688112 -2.3905640591032765e-07 -0.28367638998273714 -0.5753567842859076 0.33032077875799004 -1.420460621481075 -0.31725071274378197 -0.09992574576957927 -0.1550657616363486 -1.1060670142065296e-06 -0.011838182320721811 5.020154082838384e-05
-0.026638291059553978 -0.053524555158516236 1.0469612201844452 -0.0036109295202373256 0.010191618455058 -0.06537612559525831 0.9978021117954298 -0.16034760253293898 -0.5224207696697173 -0.31574667000633533 0.13255721475127777 0.08298123386147876 -0.35427031370837936 0.610028497522114 -0.27665293415562947 -0.07714841312255263 0.04473486415748005 -0.0063103262088416235 0.07948405380757234 0.5748875633705773 -0.8853207313683313 -1.420558348971574 0.3116871021272535 0.019395814124504203 -0.13182999025801162 -2.1937475702021368e-07 -0.28385730349572463 -0.5753542619635535 0.33013476091279137 -1.4204586197499673 -0.31725809112879577 -0.09996684026860453 -0.15504030362700524 -1.0779721525506543e-06 -0.011845507263284904 4.867806662899606e-05
-0.02661100809546398 -0.05368138101381976 1.0470132607859208 -0.003264140268225976 0.010310325900766304 -0.06550469871960063 0.9977936545267181 -0.16054746218302118 -0.5228365651251002 -0.31579052225485993 0.1328213698539404 0.08220651754237546 -0.3545327153450292 0.6100328737656573 -0.2765863467514383 -0.07708432546957825 0.044541961653504145 -0.006459303294781629 0.07919524924545819 0.5748896026593926 -0.8858554175328128 -1.4205594258738479 0.3116813491773104 0.019325317573176064 -0.13178713845824278 -2.0000827328261946e-07 -0.2840377258183842 -0.5753517325666745 0.3299531907826996 -1.4204566137402541 -0.31726556254662686 -0.10000743611212344 -0.1550141325824717 -1.0500030204984512e-06 -0.011852755317998863 4.711302726264161e-05
-0.026583959666017905 -0.053836553381716716 1.047065516964681 -0.002916279156760962 0.010428782115917983 -0.06563229102652564 0.9977851162420032 -0.1607453232507178 -0.5232443926213505 -0.31583278190142583 0.13308325631679524 0.08142636446224857 -0.3547940543729279 0.6100372524534273 -0.27651996911070886 -0.07701693355303985 0.04434925265013908 -0.006606808488839561 0.07890831835588084 0.5748916423989595 -0.8863873893420209 -1.4205605028308346 0.31167565086411736 0.019255264560095325 -0.13174421986951854 -1.8095754757006048e-07 -0.28421765439532787 -0.57534919645344 0.3297760259940979 -1.42045460391124 -0.3172731259646681 -0.10004753763690767 -0.15498725562948493 -1.022161685910381e-06 -0.011859927117698593 4.5506852207561065e-05
-0.026557144829017845 -0.05399008329588285 1.0471179771883294 -0.002567390874352456 0.010546984787438445 -0.06575890549604667 0.9977764959969511 -0.16094120489835514 -0.5236443368535055 -0.3158734648601257 0.13334288127228178 0.08064091725250667 -0.3550543338800848 0.6100416326170173 -0.27645380043335066 -0.07694628975461834 0.04415675531017753 -0.00675285132220593 0.07862324915678902 0.5748936821327764 -0.8869166730175293 -1.4205615797287765 0.3116700070320033 0.019185651298996374 -0.1317012336736478 -1.6222357287014712e-07 -0.28439708665520874 -0.5753466539790831 0.3296032243137974 -1.4204525907254686 -0.3172807803437907 -0.10008714916278735 -0.15495967988641196 -9.944500789102895e-07 -0.011867023294464334 4.385998159832792e-05
-0.026530562636882124 -0.05414198184583068 1.0471706300661434 -0.002217519665708615 0.010664931595103132 -0.06588454513104189 0.9977677929024767 -0.16113512594700027 -0.5240364821595754 -0.315912586889726 0.133600251963826 0.07985031739972612 -0.35531355693258154 0.6100460133127841 -0.2763878399492091 -0.0768724462071409 0.0439644874691096 -0.006897441305936435 0.07834002964433982 0.5748957214063203 -0.8874432944992134 -1.4205626564368887 0.31166441751617185 0.019116474017763986 -0.13165817912700786 -1.438075628270512e-07 -0.28457602001279236 -0.575344105496469 0.3294347436538021 -1.4204505746474594 -0.3172885246412508 -0.1001262749913892 -0.15493141246671283 -9.668700042754854e-07 -0.011874044478853044 4.217286280077938e-05
-0.026504212136958236 -0.05429226017254686 1.04722346435036 -0.0018667093299255344 0.010782620213311325 -0.06600921295553644 0.9977590061245268 -0.16132710489615593 -0.5244209125050172 -0.31595016360276806 0.13385537574065326 0.07905470523371863 -0.35557172657642727 0.6100503936216247 -0.2763220869170827 -0.07679545478630917 0.043772466635287076 -0.007040587931713221 0.07805864779702579 0.5748977597675127 -0.8879672794450625 -1.420563732809442 0.31165888214383475 0.019047728962098737 -0.13161505555463898 -1.2571083048464898e-07 -0.284754451871044 -0.5753415513566417 0.3292705420759551 -1.4204485561426774 -0.31729635781241006 -0.10016491940510623 -0.15490246048123285 -9.394231522225365e-07 -0.01188099129910821 4.04459479346214e-05
-0.026478092371832993 -0.05444092946425862 1.0472764689373577 -0.0015150032188805634 0.01090004831277463 -0.0661329120131038 0.997750134883826 -0.16151715994207053 -0.5247977114679403 -0.3159862104740199 0.13410826005285184 0.07825421991635172 -0.3558288458392709 0.6100547726487343 -0.2762565406237543 -0.07671536710276519 0.04358070999035633 -0.007182300672467201 0.07777909157968492 0.5748997967671254 -0.8884886532309771 -1.4205648086875144 0.3116534007351359 0.018979412398389867 -0.1315718623454046 -1.0793469680493275e-07 -0.2849323796231781 -0.5753389919093089 0.3291105777963736 -1.4204465356766858 -0.3173042788117277 -0.10020308666623709 -0.15487283103963662 -9.121111103789619e-07 -0.011887864380453372 3.8679692077274484e-05
-0.02645220237965573 -0.05458800095232453 1.0473296328687383 -0.001162444235825445 0.011017213562045165 -0.066255645365374 0.9977411784555876 -0.16170530899440919 -0.5251669622251319 -0.3160207428478881 0.13435891244665152 0.07744899943112135 -0.3560849177317825 0.6100591495233516 -0.27619120038308037 -0.07663223449449105 0.04338923438992922 -0.007322588982609768 0.07750134894732279 0.5749018319590928 -0.8890074409504009 -1.4205658839004491 0.3116479731038995 0.018911520615973235 -0.1315285989480174 -9.048042311942349e-08 -0.28510980065457975 -0.5753364275031896 0.3289548091895061 -1.420444513714441 -0.31731228659331334 -0.10024078101627387 -0.15484253125121022 -8.849353766562969e-07 -0.01189466434461108 3.687455195855963e-05
-0.026426541194451186 -0.0547334859072482 1.047382945332305 -0.0008090748341708923 0.011134113629002313 -0.06637741609064624 0.9977321361691917 -0.16189156969187404 -0.5255287475386993 -0.31605377594544876 0.13460734055993137 0.07663918057342962 -0.3563399452489985 0.6100635233984881 -0.27612606553507496 -0.076546108019528 0.04319805636449312 -0.0074614622982650865 0.07722540784884381 0.5749038649008082 -0.8895236674140664 -1.4205669582671105 0.311642599058249 0.018844049928911415 -0.1314852648677318 -7.334916164855582e-08 -0.28528671234472336 -0.5753338584863535 0.32880319479210296 -1.4204424907196989 -0.3173203801112269 -0.10027800667528143 -0.15481156822518496 -8.578973709497527e-07 -0.011901391809307292 3.503098500498593e-05
-0.02640110784643049 -0.054877395634810894 1.0474363956629413 -0.0004549370164579869 0.011250746182262045 -0.0664982272825948 0.9977230074078304 -0.16207595941671732 -0.5258831497433498 -0.31608532487093427 0.13485355211792927 0.07582489894155732 -0.35659393137153883 0.6100678934506428 -0.27606113544501126 -0.07645703844900925 0.04300719212053385 -0.00759893003737627 0.0769512562306574 0.5749058951533865 -0.8900373571497759 -1.4205680315969695 0.31163727840111777 0.018776996677394995 -0.13144185966357147 -5.654191815811507e-08 -0.28546311206904285 -0.5753312852065161 0.328655693307015 -1.4204404671545134 -0.3173285583196429 -0.10031476784136413 -0.15477994907069723 -8.309984477866231e-07 -0.011908047387851945 3.3149448636479614e-05
-0.02637590136230852 -0.05501974147231966 1.0474899733433976 -0.00010007233351218232 0.011367108892468192 -0.06661808204906434 0.9977137916081239 -0.16225849530795977 -0.5262302507343695 -0.3161154046174398 0.13509755492913972 0.0750062889283231 -0.35684687906659646 0.6100722588795076 -0.27599640950256277 -0.0763650762605008 0.042816657541857664 -0.007735001599551841 0.07667888204012395 0.5749079222818745 -0.8905485344021358 -1.4205691036910326 0.31163201093067144 0.01871035722885497 -0.1313983829459997 -4.005952849590465e-08 -0.2856389972007047 -0.5753287080112442 0.3285122636067245 -1.4204384434788053 -0.31733682017293446 -0.1003510686902017 -0.15474768089648439 -8.042399065954535e-07 -0.011914631688858429 3.123039974555442e-05
-0.026350920765612587 -0.05516053478496883 1.0475436680049799 0.00025547811622771247 0.011483199433546521 -0.06673698351094635 0.9977044882597057 -0.16243919427380843 -0.5265701319561342 -0.3161440300723357 0.13533935688139567 0.07418348371339115 -0.35709879128889704 0.6100766189076596 -0.2759318871209438 -0.07627027163163869 0.04262646819109958 -0.007869686365912194 0.07640827322890564 0.5749099458554574 -0.8910572231324198 -1.4205701743426722 0.3116267964406642 0.018644127978843957 -0.13135483437491863 -2.390264065225973e-08 -0.2858143651123676 -0.5753261272481608 0.3283728647368026 -1.4204364201499915 -0.3173451646257328 -0.10038691337464219 -0.15471477081036786 -7.776230028388753e-07 -0.011921145315956564 2.9274294306359717e-05
-0.026326165076989667 -0.05529978696231194 1.047597469428148 0.0006116736872096944 0.011599015483886392 -0.0668549348011356 0.9976950969047813 -0.16261807300309153 -0.526902874391209 -0.31617121602217574 0.13557896593812752 0.07335661525621835 -0.35734967098154224 0.6100809727802445 -0.2758675677360684 -0.07617267443405697 0.042436639311410486 -0.008002993698819464 0.07613941775619412 0.5749119654476448 -0.8915634470184878 -1.4205712433383615 0.3116216347207418 0.018578305351739235 -0.13131121365794513 -8.071705319682298e-09 -0.2859892131778871 -0.5753235432651072 0.32823745591920717 -1.4204343976226599 -0.31735359063297397 -0.10042230602433712 -0.15468122591858377 -7.511489567812439e-07 -0.011927588867563807 2.728158707835749e-05
-0.02630163331451514 -0.055437509414840595 1.047651367543026 0.0009684741871030905 0.01171455472743993 -0.06697193906355431 0.9976856171376605 -0.16279514797577768 -0.5272285585500188 -0.31619697715708167 0.1358163901347738 0.07252581428962539 -0.3575995210767095 0.6100853197646516 -0.2758034508057363 -0.07607233422759983 0.042247185828295626 -0.008134932941451732 0.07587230359180377 0.5749139806364283 -0.8920672294547302 -1.4205723104583297 0.3116165255566993 0.018512885801306177 -0.13126752054890697 7.433028615968173e-09 -0.28616353877394946 -0.5753209564102552 0.32810599655539463 -1.4204323763482842 -0.31736209714994934 -0.10045725074542432 -0.15464705332499695 -7.248189617788088e-07 -0.011933962936736925 2.5252731378632256e-05
-0.026277324493995755 -0.055573713570668176 1.0477053524298234 0.001325839876973554 0.011829814854778456 -0.06708799945224124 0.9976760486042643 -0.16297043547281143 -0.5275472644610101 -0.3162213280748362 0.13605163757534292 0.07169121031396475 -0.35784834449630626 0.6100896591501819 -0.27573953580882554 -0.07596930025480844 0.04205812235159859 -0.008265513417349652 0.07560691871916377 0.5749159910044351 -0.8925685935521216 -1.4205733754771606 0.31161146873070844 0.018447865811153163 -0.13122375484650395 2.2611508489844976e-08 -0.28633733928167476 -0.5753183670322092 0.3279784462293421 -1.4204303567749745 -0.31737068313237277 -0.10049175162025024 -0.15461226013022364 -6.986341929311235e-07 -0.011940268111025146 2.31881789034606e-05
-0.026253237629274933 -0.05570841087231558 1.0477594143191757 0.0016837314713021513 0.011944793564065343 -0.06720311913050545 0.997666391001609 -0.16314395158503606 -0.5278590716613707 -0.31624428328443666 0.136284716429121 0.0708529315918794 -0.3580961441524776 0.6100939902477096 -0.27567582224451376 -0.07586362143567812 0.04186946317762401 -0.008394744429799001 0.07534325113818066 0.5749179961390563 -0.893067562138298 -1.4205744381643328 0.31160646402151315 0.018383241895121413 -0.1311799163931193 3.746294558885861e-08 -0.28651061208814205 -0.5753157754800505 0.327854764710374 -1.4204283393472505 -0.3173793475364514 -0.10052581270711884 -0.15457685343069488 -6.725958134560728e-07 -0.011946504972420483 2.1088379587076017e-05
-0.026229371732522436 -0.055841612773597483 1.0478135435923952 0.0020421101378561408 0.012059488562040406 -0.06731730127013938 0.9976566440772657 -0.16331571222176072 -0.5281640591881237 -0.31626585720967554 0.13651563492752844 0.07001110514361189 -0.3583429229482013 0.6100983123893353 -0.2756123096314791 -0.07575534636267366 0.04168122229139626 -0.008522635261359348 0.07508128886804184 0.5749199956325991 -0.8935641577578436 -1.4205754982847365 0.3116015112046104 0.018319010597528062 -0.13113600507371864 5.198781348629809e-08 -0.2866833545879399 -0.5753131821034292 0.32773491195602705 -1.4204263245058404 -0.3173880893189818 -0.10055943804006764 -0.15454084031766513 -6.467049813313011e-07 -0.011952674097198511 1.8953781485097852e-05
-0.026205725814541416 -0.055973330736603974 1.0478677307816513 0.002400937497412134 0.012173897564852402 -0.06743054905067777 0.9976468076288011 -0.16348573311822803 -0.5284623055698502 -0.3162860641918411 0.13674440136107494 0.0691658567428872 -0.3585886837775646 0.6101026249280408 -0.2755489975071715 -0.07564452329600498 0.04149341336900642 -0.008649195172995465 0.07482101994983559 0.5749219890823738 -0.8940584026724437 -1.4205765555991203 0.31159661005240535 0.01825516849343939 -0.1310920208148683 6.618678399710666e-08 -0.2868555641845535 -0.5753105872525228 0.3276188481145483 -1.420424312687497 -0.31739690743744386 -0.10059263162867925 -0.15450422787620122 -6.20962853465857e-07 -0.01195877605599527 1.6784830680009578e-05
-0.026182298885054595 -0.056103576228778505 1.0479219665700656 0.0027601756233408825 0.012288018298933423 -0.0675428656587138 0.9976368815031962 -0.16365402984290495 -0.5287538888187125 -0.3163049184926183 0.13697102407646367 0.0683173109133072 -0.3588334295262025 0.6101069272373331 -0.27548588542704733 -0.07553120015914636 0.04130604978008907 -0.008774433403448304 0.07456243244914143 0.5749239760908226 -0.894550318861309 -1.4205776098645415 0.3115917603343612 0.018191712188866914 -0.13104796358379495 8.006071397836028e-08 -0.2870272382918071 -0.5753079912780715 0.3275065335274991 -1.4204223043248323 -0.3174058008501206 -0.10062539745791028 -0.15446702318413685 -5.953705923225065e-07 -0.011964811413734833 1.4581971199737124e-05
-0.026159089952989854 -0.056232360720088304 1.0479762417917335 0.0031197870410557067 0.012401848501814267 -0.06765425428726513 0.9976268655962461 -0.16382061780411794 -0.5290388864229415 -0.316322434296622 0.1371955114738156 0.0674655909252657 -0.35907716307164717 0.610111218710886 -0.27542297296382395 -0.0754154245345983 0.04111914459040069 -0.008898359168511503 0.07430551445851301 0.5749259562656355 -0.895039928021651 -1.4205786608347841 0.31158696181713524 0.018128638320926736 -0.13100383338751032 9.361063758842677e-08 -0.287198374335245 -0.5753053945313764 0.3273979287322148 -1.4204202998461648 -0.31741476851622025 -0.10065773948793569 -0.15442923331101935 -5.699293697614442e-07 -0.011970780729609823 1.2345644947872416e-05
-0.026136098026771484 -0.056359695680283727 1.0480305474316742 0.0034797347273289024 0.012515385922854507 -0.06776471813517401 0.9976167598519432 -0.16398551225603744 -0.5293173753397963 -0.3163386257134574 0.13741787200397865 0.06661081879337423 -0.35931988728352127 0.6101154987621835 -0.2753602597067728 -0.07529724365988694 0.04093271056446361 -0.00902098166012148 0.07405025409983008 0.5749279292198309 -0.8955272515691404 -1.4205797082607365 0.3115822142647028 0.018065943557970806 -0.13095963027199012 1.0683775773577054e-07 -0.28736896975341675 -0.5753027973642374 0.3272929944640556 -1.420418299675379 -0.3174238093960055 -0.10068966165402372 -0.154390865317055 -5.446403707174232e-07 -0.011976684557163714 1.0076291642965969e-05
-0.026113322114597885 -0.0564855925762466 1.0480848746257074 0.003839982109482368 0.012628628323982666 -0.06787426040655459 0.997606564261842 -0.1641487283043972 -0.5295894319888486 -0.31635350677981433 0.1376381141659614 0.06575311527436153 -0.35956160502381196 0.6101197668241567 -0.27529774526099626 -0.07517670442378997 0.04074676016831045 -0.009142310045576807 0.07379663952659635 0.5749298945718633 -0.8960123106385579 -1.4205807518907696 0.3115775174384811 0.018003624599698426 -0.1309153543213754 1.1974343807318758e-07 -0.28753902199917747 -0.5753002001289297 0.3271916916586829 -1.420416304231796 -0.31743292245093263 -0.10072116786642107 -0.1543519262520511 -5.195047959751596e-07 -0.011982523444277573 7.77434876339279e-06
-0.026090761224723483 -0.056610062869423425 1.0481392146602633 0.004200493064454811 0.012741573480362103 -0.06798288431027187 0.9975962788644093 -0.16431028091164002 -0.5298551322457025 -0.31636709146115466 0.13785624650444858 0.06489259986545262 -0.35980231914701544 0.6101240223488235 -0.27523542924673744 -0.07505385336278776 0.04056130557228589 -0.009262353466601219 0.07354465892612065 0.5749318519456992 -0.8964951260844386 -1.4205817914710823 0.3115728710974404 0.017941678177239802 -0.1308710056572134 1.3232919562594775e-07 -0.28770852854090073 -0.5752976031781271 0.32709398145414664 -1.4204143139300562 -0.31744210664379424 -0.10075226201026036 -0.1543124231543643 -4.94523865258083e-07 -0.011988297933262013 5.440251498611677e-06
-0.026068414365729427 -0.05673311801334313 1.0481935589721227 0.004561231917751306 0.012854219181058479 -0.06809059305946291 0.9975859037443584 -0.16447018490179266 -0.5301145514360337 -0.3163793936533904 0.13807227760742988 0.06402939080319507 -0.36004203250033917 0.6101282648069236 -0.2751733112986797 -0.07492873665772964 0.04037635865393412 -0.009381121038503446 0.07329430052163982 0.5749338009709148 -0.8969757184818795 -1.4205828267460467 0.3115682749982158 0.017880101053223886 -0.1308265844377121 1.445967910028849e-07 -0.28787748686369363 -0.5752950068648531 0.3269998251929744 -1.420412329180007 -0.31745136093886694 -0.10078294794547515 -0.1542723630498558 -4.696988194179795e-07 -0.011994008560873294 3.0744327038989903e-06
-0.026046280546797234 -0.05685476945121541 1.0482478991480964 0.004922163442277949 0.01296656322964258 -0.06819738987108274 0.9975754390319715 -0.1646284549648699 -0.5303677643300272 -0.3163904271842226 0.13828621610389785 0.06316360506273448 -0.3602807479237968 0.6101324936875571 -0.27511139106527666 -0.07480140013071329 0.04019193100092802 -0.009498621849209727 0.07304555257432793 0.5749357412827525 -0.8974541081273096 -1.4205838574585026 0.31156372889519734 0.01781889002151131 -0.13078209085702266 1.565593614882355e-07 -0.28804589447053336 -0.5752924115423899 0.3269091844240946 -1.4204103503866017 -0.31746068430206054 -0.10081322950673503 -0.15423175295086156 -4.450309215505551e-07 -0.01199965585840026 6.773228581525315e-07
-0.026024358777978655 -0.056975028613608696 1.04830222692464 0.0052832528570665145 0.013078603444763139 -0.06830327796547989 0.9975648849024074 -0.16478510566095342 -0.530614845137154 -0.31640020581432504 0.13849807066162925 0.0622953583575168 -0.3605184682502805 0.6101367084978229 -0.2750496682080916 -0.0746718892421696 0.040008033914049695 -0.009614864958280246 0.0727984033852369 0.5749376725222153 -0.8979303150394621 -1.4205848833501031 0.31155923254066314 0.017758041907844527 -0.13073752514453596 1.682198750834601e-07 -0.2882137488833634 -0.5752898175641783 0.3268220209046781 -1.420408377949806 -0.31747007570106833 -0.10084311050339446 -0.15419059985517375 -4.2052145856758e-07 -0.012005240351759457 -1.7506499725729935e-06
-0.026002648070456554 -0.05709390691620621 1.0483565341874088 0.0056444658258928415 0.013190337660716273 -0.068408260566005 0.9975542415749983 -0.16494015142405566 -0.5308558675012378 -0.31640874323851337 0.13870784998506092 0.06142476513939963 -0.3607551963056775 0.6101409087624551 -0.27498814240113206 -0.07454024908814653 0.039824678410234585 -0.009729859395998021 0.07255284129716813 0.5749395943361331 -0.8984043589603559 -1.420585904161599 0.31155478568486566 0.017697553569578552 -0.1306928875641845 1.795813053478047e-07 -0.2883810476441818 -0.5752872252837383 0.326738296601961 -1.420406412264511 -0.3174795341055246 -0.10087259471945163 -0.1541489107450344 -3.9617174339959526e-07 -0.012010762561546285 -4.209060171631207e-06
-0.025981147436806445 -0.05721141575763746 1.0484108129707532 0.006005768455792002 0.013301763727964055 -0.06851234089864605 0.9975435093125354 -0.1650936065655522 -0.5310909044958897 -0.3164160530866321 0.13891556281323986 0.0605519385991702 -0.36099093490891054 0.6101450940234627 -0.27492681333020647 -0.07440652439778918 0.03964187522565512 -0.0098436141623711 0.07230885469645562 0.5749415063772245 -0.8988762593563429 -1.4205869196331182 0.3115503880761277 0.01763742189569394 -0.13064817841376672 1.9064671153507422e-07 -0.2885477883160632 -0.5752846350545554 0.32665797369493016 -1.4204044537204483 -0.31748905848715203 -0.10090168591351137 -0.15410669258615273 -3.7198311434823043e-07 -0.012016223003137906 -6.6974846050255344e-06
-0.025959855891250466 -0.05732756651738365 1.0484650554571597 0.006367127295475156 0.013412879513647802 -0.06861552219168625 0.9975326884205438 -0.1652454852774894 -0.5313200286202022 -0.3164221489244497 0.1391212179178462 0.05967699066744619 -0.36122568687201606 0.6101492638397688 -0.27486568069227957 -0.07427075953100785 0.03945963481884335 -0.009956138226193815 0.07206643201468817 0.574943408304167 -0.8993460354192672 -1.4205879295044475 0.3115460394609391 0.01757764380680233 -0.13060339802426799 2.0141923368270407e-07 -0.28871396848416664 -0.5752820472299844 0.32658101457598393 -1.4204025027021154 -0.31749864781992015 -0.10093038781876672 -0.15406395232673295 -3.479569364330531e-07 -0.01202162218675856 -9.2155026528799e-06
-0.025938772449913182 -0.05744237055375453 1.0485192539766366 0.006728509333650318 0.013523682902047808 -0.06871780767538255 0.9975217792465491 -0.16539580163549197 -0.5315433117947963 -0.3164270442542676 0.13932482410127803 0.05880003201595921 -0.36145945500013826 0.6101534177868542 -0.27480474419485357 -0.07413299847633237 0.03927796737383819 -0.010067440524008545 0.07182556173034009 0.574945299781645 -0.8998137060676329 -1.4205889335152884 0.31154173958404696 0.017518216255139468 -0.13055854675920325 2.119020843158326e-07 -0.2888795857566722 -0.5752794621631172 0.3265073818524475 -1.4204005595887037 -0.31750830108019346 -0.10095870414298508 -0.15402069689652761 -3.240946011194897e-07 -0.01202696061760646 -1.176269623854144e-05
-0.025917896131065175 -0.05755583920193635 1.0485734010060466 0.007089881997252091 0.013634171795061514 -0.06881920058167217 0.9975107821793343 -0.16554456960161978 -0.5317608253580872 -0.31643075251565045 0.1395263901948226 0.05792117205919179 -0.3616922420916181 0.6101575554563998 -0.27474400355533324 -0.07399328484894321 0.039096882803383706 -0.010177529959203636 0.07158623237036116 0.5749471804804231 -0.9002792899479327 -1.4205899314055235 0.31153748818854987 0.017459136224550843 -0.13051362501395106 2.220985427845082e-07 -0.28904463776573264 -0.575276880206692 0.3264370383481226 -1.4203986247540334 -0.31751801724688666 -0.1009866385685014 -0.1539769332059035 -3.0039752660746576e-07 -0.012032238795891643 -1.4338649856506878e-05
-0.02589722595537171 -0.05766798377210705 1.0486274891683909 0.0074512131495823196 0.013744344112616188 -0.06891970414388768 0.997499697648191 -0.16569180302686232 -0.5319726400628927 -0.3164332870858342 0.13972592505686318 0.057040518956375574 -0.361924050937967 0.610161676455936 -0.27468345850042747 -0.07385166188887933 0.03891639075212375 -0.010286415400967744 0.07134843251166453 0.5749490500773875 -0.9007428054359463 -1.4205909229154536 0.3115332850159876 0.0174004007304723 -0.13046863321510746 2.320119470159686e-07 -0.2892091221683364 -0.5752743017129542 0.3263699471046612 -1.4203966985664924 -0.31752779530161124 -0.10101419475222259 -0.1539326681449355 -2.76867156066105e-07 -0.012037457216952837 -1.6942950598547094e-05
-0.02587676094613793 -0.0577788155476179 1.0486815112320453 0.007812471088365681 0.013854197793060196 -0.06901932159648727 0.9974885261221629 -0.16583751565346666 -0.5321788260733032 -0.3164346612800546 0.139923437571141 0.05615817961382935 -0.362154884323834 0.610165780408495 -0.2746231087655595 -0.07370817245941536 0.038736500599812214 -0.010394105683243275 0.07111215078254875 0.5749509082555821 -0.9012042706380983 -1.4205919077860258 0.31152912980642755 0.017342006819900262 -0.1304235718198432 2.4164568744720097e-07 -0.2893730366471344 -0.5752717270335156 0.32630607138287115 -1.420394781388981 -0.31753763422882425 -0.10104137632564454 -0.15388790858251758 -2.5350495746568974e-07 -0.012042616371379522 -1.957518817830296e-05
-0.025856500129542402 -0.05788834578324161 1.0487354601099472 0.008173624543723652 0.013963730793572444 -0.06911805617481631 0.9974772681092826 -0.16598172111718157 -0.5323794529617619 -0.3164348883519772 0.1401189366451094 0.05527425968761759 -0.3623847450270661 0.6101698669522606 -0.27456295409426074 -0.07356285904560196 0.038557221464575464 -0.010500609603809474 0.07087737586408732 0.5749527547042679 -0.9016637033929631 -1.4205928857590704 0.31152502229855183 0.017283951571346216 -0.1303784413152574 2.5100320255588743e-07 -0.28953637891127887 -0.5752691565192471 0.326245374664048 -1.4203928735788613 -0.317547533015977 -0.10106818689486584 -0.15384266136548913 -2.3031242409065463e-07 -0.012047716745071206 -2.2234954954180227e-05
-0.025836442534867495 -0.05799658570348381 1.0487893288587375 0.0085346426760697 0.014072941090549407 -0.06921591111488475 0.9974659241558029 -0.16612443294931015 -0.5325745897064046 -0.31643398149402924 0.14031243120834305 0.054388863586527066 -0.3626136358187572 0.6101739357402217 -0.2745029942375746 -0.07341576375296664 0.038378562206189334 -0.010605935923360505 0.07064409649145265 0.574954589118978 -0.9021211212728246 -1.4205938565775276 0.3115209622297432 0.017226232094787224 -0.1303332422177385 2.600879729331091e-07 -0.2896991466972253 -0.5752665905201682 0.32618782065123564 -1.4203909754879078 -0.3175574906536587 -0.10109463004060523 -0.15379693331778518 -2.0729107319016692e-07 -0.012052758819293088 -2.492184595106919e-05
-0.025816587194736295 -0.05810354650095454 1.0488431106778637 0.00889549507392845 0.014181826679925609 -0.06931288965314045 0.9974544948454249 -0.16626566457849234 -0.5327643046887055 -0.3164319538374322 0.14050393021095733 0.05350209447536052 -0.36284155946317737 0.610177986439836 -0.27444322895350093 -0.0732669283063723 0.038200531429322435 -0.010710093364428226 0.0704123014551406 0.5749564112015363 -0.9025765415851823 -1.4205948199856437 0.3115169493361668 0.01716884553161257 -0.13028797507234197 2.689035143196561e-07 -0.2898613377694396 -0.5752640293852841 0.32613337327030417 -1.4203890874622636 -0.3175675061357352 -0.10112070931823605 -0.153750731239613 -1.844424438091661e-07 -0.012057743070820756 -2.7635458880881426e-05
-0.02579693314533873 -0.05820923933480122 1.0488967989086395 0.009256151751682514 0.014290385577511064 -0.06940899502626707 0.9974429807985213 -0.16640542933244695 -0.5329486656913107 -0.3164288184523416 0.14069344262210534 0.052614054278518986 -0.3630685187177874 0.6101820187326932 -0.2743836580064257 -0.07311639404902563 0.038023137486816176 -0.010813090610426724 0.07018197960216209 0.5749582206600959 -0.9030299813743902 -1.420595775729175 0.3115129833528519 0.017111789054559387 -0.13024264045216263 2.7745337268458096e-07 -0.2900229499211169 -0.5752614734624601 0.32608199667105453 -1.420387209842401 -0.3175775784594885 -0.10114642825781962 -0.15370406190664443 -1.6176809582720213e-07 -0.01206266997201592 -3.0375394161924474e-05
-0.025777479426649662 -0.05831367532920102 1.0489503870332626 0.009616583147249863 0.014398615819334286 -0.06950423047100175 0.997431382671356 -0.16654374043965486 -0.5331277398960665 -0.31642458834804216 0.14088097742854094 0.051724843683865165 -0.36329451633331195 0.610186032314178 -0.2743242811665446 -0.07296420194163138 0.03784638848298907 -0.010914936304778248 0.06995311983719305 0.5749600172091914 -0.903481457423398 -1.4205967235555939 0.31150906401377515 0.017055059867639954 -0.13019723895770471 2.8574112045804874e-07 -0.29018398097489556 -0.5752589230983172 0.326033655228318 -1.4203853429630866 -0.31758770662575586 -0.10117179036414065 -0.15365693206922604 -1.392696090222457e-07 -0.012067539990857997 -3.3141254936945035e-05
-0.025758225082655073 -0.05841686557190868 1.0490038686737997 0.009976760119693664 0.014506515461913031 -0.06959859922394525 0.997419701155302 -0.16668061103075443 -0.533301593882348 -0.31641927647280965 0.14106654363318355 0.05083456214687519 -0.3635195550536745 0.6101900268931454 -0.2742650982093306 -0.0728103925616921 0.03767029227689508 -0.011015639049860682 0.06972571112362767 0.5749618005697474 -0.9039309862554151 -1.4205976632142623 0.3115051910519362 0.016998655206062963 -0.13015177121627441 2.9377035035646827e-07 -0.29034442878346806 -0.5752563786380676 0.3259883135428553 -1.4203834871533472 -0.31759788963905955 -0.10119679911675333 -0.1536093484516181 -1.1694858084823656e-07 -0.01207235359108688 -3.593264708995329e-05
-0.02573916916156574 -0.0585188211128614 1.049057237591132 0.010336653946768607 0.014614082582554101 -0.06969210452139561 0.9974079369760569 -0.1668160541399756 -0.5334702936255352 -0.31641289571395137 0.14125015025375903 0.04994330789504655 -0.3637436376160469 0.6101940021915935 -0.27420610891498104 -0.07265500610294444 0.03749485648561707 -0.01111520740611238 0.06949974248460793 0.5749635704691158 -0.9043785841357229 -1.4205985944566166 0.3115013641994371 0.01694257233614889 -0.1301062378813609 3.015446721645045e-07 -0.29050429123021687 -0.5752538404253995 0.32594593644231207 -1.4203816427364424 -0.31760812650774056 -0.10122145797003046 -0.15356131775124734 -9.480662568287293e-08 -0.01207711123224842 -3.874917926219407e-05
-0.025720310716030877 -0.058619552962837856 1.0491104876838682 0.010696236322405505 0.014721315279621804 -0.069784749599189 0.9973960908928567 -0.16695008270639822 -0.5336339044957258 -0.31640545889771093 0.14143180632147567 0.049051177932566706 -0.3639667667508621 0.6101979579443428 -0.2741473130678822 -0.07249808237493091 0.037320088487548274 -0.011213649891091127 0.06927520300399091 0.5749653266410979 -0.9048242670734944 -1.420599517036338 0.3114975831875565 0.016886808555232967 -0.1300606396320308 3.090677081464468e-07 -0.29066356622979767 -0.5752513088023405 0.32590648898207136 -1.4203798100298375 -0.31761841624408466 -0.1012457703532121 -0.15351284663798312 -7.284537284156096e-08 -0.012081813369785206 -4.159046286677176e-05
-0.025701648803344506 -0.05871907209217082 1.0491636129872224 0.011055479354137261 0.01482821167281054 -0.06987653769255636 0.9973841636976883 -0.16708270957515692 -0.5337924912566252 -0.31639697878921735 0.14161152087975806 0.04815826804522505 -0.36418894518187833 0.6102018938987174 -0.2740887104560697 -0.07233966080270147 0.037145995425688 -0.011310974978606128 0.06905208182727646 0.5749670688259778 -0.9052680508237022 -1.420600430709523 0.3114938477468258 0.016831361191565145 -0.1300149771723222 3.163430886174726e-07 -0.2908222517287168 -0.5752487841091406 0.3258699364460997 -1.4203779893451784 -0.31762875786444583 -0.1012697396704547 -0.1534639417534337 -5.1066464428021185e-08 -0.012086460455078248 -4.445611210252263e-05
-0.025683182485653953 -0.058817389429510265 1.0492166076718639 0.011414355560468718 0.014934769903379719 -0.0699674720359748 0.9973721562145031 -0.16721394749854512 -0.5339461180646536 -0.3163874680923001 0.14178930298298922 0.047264672805567974 -0.3644101756261883 0.6102058098142338 -0.2740303008707129 -0.07217978042664301 0.036972584210898524 -0.011407191097778786 0.06883036816246561 0.5749687967705343 -0.9057099508890086 -1.4206013352348383 0.3114901576071008 0.016776227604202328 -0.12996925123064665 3.233744486097646e-07 -0.29098034570584685 -0.5752462666841325 0.3258362443476772 -1.4203761809882736 -0.31763915038936924 -0.10129336930089362 -0.15341460971026263 -2.9471553654006008e-08 -0.012091052935539913 -4.734574396686021e-05
-0.02566491083016316 -0.05891451586063734 1.0492694660427357 0.011772837868192719 0.015040988134383359 -0.07005755586303233 0.9973600692984298 -0.1673438091370246 -0.5340948484682395 -0.31637693944929307 0.14196516169530357 0.04637048557828202 -0.36463046079425443 0.6102097054622939 -0.2739720841056013 -0.07201847990243156 0.03679986152516723 -0.01150230663214301 0.06861005128087569 0.5749705102280559 -0.9061499825217171 -1.4206022303736678 0.3114865124976329 0.01672140518289549 -0.12992346255919737 3.301654235063877e-07 -0.29113784617292454 -0.575243756863601 0.32580537843009694 -1.4203743852590747 -0.3176495928437071 -0.10131666259870126 -0.15336485709152747 -8.06230260832867e-09 -0.01209559125468142 -5.0258978267728996e-05
-0.025646832909329457 -0.05901046222732768 1.049322182537845 0.01213089960965521 0.015146864550904578 -0.07014679240630319 0.9973479038349877 -0.16747230706024335 -0.5342387454072632 -0.31636540544090724 0.14213910608942532 0.04547579852579385 -0.36484980338999434 0.6102135806258796 -0.2739140599566268 -0.07185579750110303 0.03662783382486988 -0.01159632991881435 0.0683911205179191 0.5749722089583661 -0.906588160725798 -1.4206031158902652 0.3114829121471409 0.016666891347969035 -0.1298776119333532 3.367196469870137e-07 -0.2912947511750421 -0.5752412549816711 0.32577730466735544 -1.4203726024516645 -0.31766008425673725 -0.1013396228931513 -0.1533146904500334 1.3159619089172887e-08 -0.012100075852146034 -5.3195437634472784e-05
-0.025628947801063458 -0.05910523932626155 1.049374751727028 0.012488514519971213 0.01525239736024709 -0.07023518489721906 0.9973356607393035 -0.1675994537478821 -0.5343778712127271 -0.3163528785859154 0.14231114524551688 0.04458070261408942 -0.3650682061107968 0.6102174350992562 -0.2738562282212939 -0.0716917711092412 0.036456507343993784 -0.011689269247569627 0.06817356527381437 0.5749738927278228 -0.9070245002588824 -1.4206039915518824 0.31147935628387846 0.01661268355019702 -0.12983170015110093 3.430407462519303e-07 -0.29145105879107025 -0.5752387613701654 0.325751989264714 -1.420370832854243 -0.31767062366227106 -0.10136225348868456 -0.15326411630771358 3.419253720483318e-08 -0.012104507163798425 -5.6154747528196175e-05
-0.025611254588922275 -0.05919885790798107 1.04942716831069 0.012845656734194409 0.015357584792133764 -0.07032273656595153 0.997323340955327 -0.16772526159051504 -0.5345122876065631 -0.31633937134091417 0.14248128825007397 0.043685287618733346 -0.3652856716475923 0.6102212686876783 -0.27379858869822404 -0.071526438229277 0.03628588809736208 -0.011781132859999273 0.06795737501426709 0.5749755613093276 -0.907459015634326 -1.4206048571289007 0.31147584463569905 0.01655877927066614 -0.12978572803245436 3.491323403383851e-07 -0.2916067671340762 -0.5752362763584794 0.3257293986592539 -1.4203690767491193 -0.31768121009876443 -0.10138455766497957 -0.15321314115502294 5.503477383545805e-08 -0.012108885621790072 -5.913653625087302e-05
-0.025593752362292225 -0.05929132867589433 1.0494794271185173 0.013202300784442504 0.015462425098928189 -0.07040945064131827 0.9973109454550496 -0.1678497428904566 -0.5346420557015721 -0.31632489610021036 0.14264954419489348 0.042789642131077416 -0.36550220268501704 0.6102250812070945 -0.27374114118664356 -0.07135983597989512 0.03611598188388793 -0.011871928948789325 0.06774253927112923 0.5749772144823591 -0.9078917211233898 -1.4206057123949734 0.31147237693012647 0.01650517602063871 -0.1297396964188702 3.549980376697196e-07 -0.291761874351762 -0.5752338002734948 0.32570949952047196 -1.420367334412702 -0.3176918426094245 -0.10140653867701577 -0.15316177145035087 7.568464955492755e-08 -0.01211321165453784 -6.214043495356374e-05
-0.02557644021658501 -0.05938266228532031 1.0495315231081745 0.013558421596980298 0.015566916555767914 -0.070495330350657 0.9972984752377274 -0.16797290986240063 -0.5347672360016205 -0.3163094651953287 0.14281592217598907 0.041893853564673636 -0.36571780190139197 0.6102288724838693 -0.2736838854859316 -0.07119200109654947 0.03594679428971995 -0.011961665656755773 0.06752904764296373 0.574978852032945 -0.9083226307572678 -1.4206065571271205 0.3114689528944123 0.016451871341406014 -0.1296936061726951 3.606414311085474e-07 -0.2919163786267712 -0.5752313334394117 0.32569225875062574 -1.420365606115494 -0.31770252024230566 -0.10142819975514887 -0.15311001361946208 9.614048686742119e-08 -0.012117485686872783 -6.516607764450387e-05
-0.025559317253412733 -0.05947286934258029 1.0495834513639735 0.013913994489263292 0.01567105746077448 -0.07058037891974102 0.9972859313291046 -0.16809477463423214 -0.5348878884018747 -0.3162930908949205 0.14298043129262078 0.04099800816184951 -0.36593247196892775 0.610232642354496 -0.27362682139511585 -0.07102296993207674 0.03577833069146593 -0.012050351076184667 0.06731688979562295 0.5749804737536965 -0.9087517583293452 -1.4206073911058645 0.31146557225560517 0.016398862804141563 -0.12964745817658396 3.660660982779375e-07 -0.29207027817708825 -0.5752288761776767 0.3256776434852614 -1.4203638921220902 -0.3177132420504161 -0.10144954410518539 -0.15305787405494323 1.1640061047275951e-07 -0.012121708139988887 -6.82131011957099e-05
-0.025542382580776145 -0.05956196040412796 1.0496352070955275 0.014268995166943051 0.015774846135176473 -0.07066459957266502 0.9972733147806433 -0.16821534924760442 -0.5350040721892924 -0.31627578540428686 0.14314308064627743 0.040102191000472964 -0.36614621555374693 0.6102363906653279 -0.2735699487124274 -0.07085277845741235 0.035610596259311206 -0.012137993247927846 0.06710605546273829 0.5749820794437827 -0.9091791173973042 -1.4206082141153182 0.3114622347406068 0.01634614800974442 -0.12960125333295544 3.712755968493024e-07 -0.29222357125630666 -0.5752264288068288 0.32566562109349056 -1.4203621926911765 -0.31772400709180715 -0.10147057490845894 -0.1530053591156812 1.3646335097437664e-07 -0.012125879431565107 -7.128114534944224e-05
-0.025525635313237847 -0.059649945975722714 1.049686785636385 0.014623399720837055 0.01587828092348148 -0.07074799553176091 0.9972606266687548 -0.1683346456586198 -0.5351158460431792 -0.3162575608651668 0.14330387933974523 0.03920648600087112 -0.3663590353160611 0.6102401172723024 -0.2735132672348219 -0.07068146226239942 0.03544359596018339 -0.012224600160707524 0.06689653444620905 0.5749836689089447 -0.9096047212853884 -1.4206090259432969 0.31145894007623387 0.016293724588677012 -0.12955499256342937 3.7627346442605237e-07 -0.29237625615395224 -0.5752239916424089 0.32565615917837476 -1.4203605080755293 -0.3177348144296703 -0.10149129532190862 -0.15295247512634896 1.5632704535517433e-07 -0.012129999975761696 -7.436985272340426e-05
-0.025509074572095395 -0.05973683651164222 1.049738182442645 0.01497718462386449 0.015981360193624925 -0.07083057001751274 0.9972478680940353 -0.1684526757384143 -0.5352232680359147 -0.31623842935543695 0.14346283647619376 0.03831097593291108 -0.3665709339103236 0.6102438220406741 -0.2734567767575161 -0.0705090565566911 0.03527733456088512 -0.012310179750390065 0.06668831661664441 0.5749852419615001 -0.9100285830866612 -1.4206098263814184 0.31145568798927725 0.016241590200800068 -0.1295086768082793 3.8106321533492807e-07 -0.292528331195763 -0.5752215649968548 0.32564922557722764 -1.4203588385220174 -0.31774566313242364 -0.10151170847815232 -0.15289922837691583 1.7599004012621745e-07 -0.01213407018324023 -7.747886881543896e-05
-0.025492699485557872 -0.05982264241393203 1.0497893930915612 0.015330326727950436 0.016084082337081994 -0.070912326248456 0.9972350401805087 -0.16856945127369932 -0.5353263956338401 -0.31621840288868713 0.14361996115824682 0.037415742423238196 -0.3667819139853207 0.610247504844757 -0.273400477073552 -0.07033559617074349 0.03511181663116045 -0.012394739899178034 0.06648139191374855 0.5749867984203203 -0.9104507156652166 -1.4206106152251816 0.3114524782065559 0.016189742535201394 -0.12946230702589606 3.856483383894734e-07 -0.2926797947439066 -0.5752191491793708 0.3256447883618007 -1.420357184271607 -0.31775655227379734 -0.10153181748557204 -0.1528456251221765 1.9545069349542774e-07 -0.012138090461244672 -8.060784200795905e-05
-0.025476509188910337 -0.05990737403169482 1.0498404132801251 0.015682803260899957 0.016186445769015078 -0.07099326744110272 0.997222144074871 -0.16868498396735204 -0.5354252856982259 -0.31619749341398706 0.1437752624871293 0.03652086596265077 -0.36699197818438367 0.610251165567664 -0.27334436797333506 -0.07016111555689346 0.03494704654679648 -0.012478288434965314 0.06627575034669828 0.5749883381108402 -0.9108711316585133 -1.4206113922740637 0.3114493104549759 0.016138179310021386 -0.12941588419224184 3.900322967893638e-07 -0.2928306451972355 -0.5752167444958447 0.3256428158385429 -1.4203555455593668 -0.3177674809329204 -0.1015516254283961 -0.15279167158129217 2.147073762744885e-07 -0.012142061213581804 -8.375642357100115e-05
-0.0254605028246831 -0.059991041660414746 1.049891238823641 0.016034591823243963 0.016288448928376865 -0.0710733968098518 0.9972091809457426 -0.16879928543888928 -0.5355199944864197 -0.3161757128154698 0.14392874956179957 0.03562642591362106 -0.3672011291455197 0.6102548041010577 -0.2732884492442051 -0.06998564879052165 0.03478302849265701 -0.012560833130585782 0.06607138199446351 0.5749898608650388 -0.9112898434796446 -1.420612157331591 0.31144618446158207 0.01608689827227345 -0.12936940930032662 3.942185246433922e-07 -0.2929808809914696 -0.575214351248728 0.32564327654872044 -1.4203539226144755 -0.3177784481943955 -0.10157113536678007 -0.15273737393735679 2.3375847509943285e-07 -0.012145982840678467 -8.692426766531147e-05
-0.025444679542814312 -0.060073655541318056 1.0499418656542858 0.01638567038505884 0.01639009027802595 -0.07115271756690884 0.9971961519829255 -0.16891236722499256 -0.5356105776530841 -0.3161530729120176 0.14408043147812197 0.034732500517944256 -0.3674093695016043 0.6102584203449019 -0.27323272066999815 -0.06980922957129548 0.034619766465712076 -0.012642381703143446 0.06586827700610674 0.5749913665214316 -0.911706863319669 -1.4206129102054168 0.3114430999536115 0.01603589719765947 -0.1293228833596791 3.9821042662785584e-07 -0.2931305005993836 -0.5752119697369394 0.32564613926854913 -1.4203523156602291 -0.3177894531483784 -0.10159035033689419 -0.1526827383369753 2.526023937310276e-07 -0.01214985573959875 -9.011103134451248e-05
-0.025429038500809024 -0.060155225860768755 1.0499922898196579 0.01673601728276121 0.016491368304838515 -0.07123123292221263 0.9971830583966651 -0.16902424077998965 -0.5356970902515567 -0.3161295854569472 0.1442303173280712 0.03383916690451326 -0.3676167018805928 0.6102620142072173 -0.2731771820306118 -0.06963189122449032 0.034457264278052506 -0.012722941813370029 0.06566642560105325 0.574992854925064 -0.9121222031499661 -1.4206136507073952 0.3114400566585449 0.015985173890379255 -0.1292763073958259 4.020113767960796e-07 -0.29327950253097834 -0.5752096002557731 0.3256513730092937 -1.4203507249140517 -0.3178004948906514 -0.10160927335100647 -0.15262777088986 2.712375548265966e-07 -0.01215368030405322 -9.33163745564492e-05
-0.025413578863897286 -0.06023576274969753 1.0500425074813151 0.0170856112158798 0.01659228151980455 -0.07130894608335822 0.9971699014169191 -0.16913491747630166 -0.5357795867353403 -0.3161052621376525 0.1443784161989473 0.03294650109721495 -0.3678231289057218 0.6102655856038437 -0.27312183310158217 -0.06945366670238624 0.03429552555986671 -0.012802521064970722 0.06546581806932296 0.5749943259274977 -0.9125358747245885 -1.4206143786536451 0.3114370543041566 0.015934726182939278 -0.12922968244978003 4.056247163039433e-07 -0.29342788533362035 -0.5752072430968006 0.3256589470173074 -1.4203491505875037 -0.31781157252269043 -0.10162790739756708 -0.15257247766844667 2.896624024213856e-07 -0.012157456924416209 -9.65399601443983e-05
-0.025398299805190948 -0.06031527628306305 1.0500925149133058 0.017434431243806222 0.01669282845811318 -0.07138586025551433 0.9971566822926341 -0.16924440860491696 -0.5358581209596979 -0.31608011457524804 0.14452473717259692 0.032054578022941115 -0.3680286531957106 0.610269134458208 -0.2730666736536705 -0.06927458858573783 0.034134553762376334 -0.012881127003969789 0.065266444771728 0.574995779386789 -0.9129478895826143 -1.420615093864608 0.31143409261856314 0.015884551935957027 -0.12918300957753162 4.0905375312475385e-07 -0.29357564759215427 -0.5752048985477722 0.3256688307740218 -1.4203475928862959 -0.3178226851517357 -0.10164625544130129 -0.1525168647075262 3.078754037825117e-07 -0.01216118598775494 -9.978145384758028e-05
-0.025383200505835733 -0.06039377647934581 1.0501423085006896 0.01778245678252571 0.016793007679239396 -0.07146197864135208 0.9971434022910273 -0.1693527253758042 -0.5359327461833613 -0.316054154324221 0.14466928932467513 0.031163471519706613 -0.3682332773649936 0.6102726607010943 -0.2730117034524484 -0.06909468908531388 0.033974352160766726 -0.012958767118100524 0.0650682961400468 0.574997215167475 -0.9133582590505329 -1.4206157961651042 0.31143117133027076 0.015834649037961026 -0.129136289849548 4.123017603070315e-07 -0.29372278792900797 -0.5752025668925282 0.3256809939959211 -1.4203460520103 -0.3178338318908517 -0.10166432042329482 -0.1524609380038938 3.25875050905427e-07 -0.012164867877833326 -0.00010304052430112104
-0.02536828015516028 -0.060471273300073014 1.0501918847380514 0.018129667601329794 0.01689281776702906 -0.07153730444097288 0.9971300626968754 -0.16945987891837055 -0.5360035150703284 -0.3160273928721259 0.14481208172392357 0.030273254344869036 -0.36843700402397467 0.6102761642704191 -0.27295692225788604 -0.06891400004350458 0.033814923857087606 -0.01303544883622348 0.06487136267717182 0.5749986331405582 -0.9137669942446482 -1.4206164853843883 0.31142829016822204 0.015785015405187137 -0.12908952435027385 4.153719759674256e-07 -0.29386930500428343 -0.575200248410916 0.3256954066344881 -1.4203445281535638 -0.3178450118589912 -0.10168210526108531 -0.1524047035160133 3.436598621830119e-07 -0.012168502975113554 -0.00010631684303527926
-0.025353537950825594 -0.06054777664937305 1.0502412402280097 0.018476043819512355 0.016992257329763314 -0.07161184085183102 0.9971166648118116 -0.169565880281859 -0.536070479691786 -0.3159998416392024 0.1449531234314533 0.029383998183448733 -0.36863983577925563 0.6102796451110123 -0.27290232982395574 -0.06873255293599456 0.0336562717831088 -0.01311117952771238 0.06467563495722134 0.5750000331834799 -0.9141741060734586 -1.4206171613561904 0.31142544886183937 0.015735648981371 -0.12904271417764585 4.1826760169819516e-07 -0.2940151975158081 -0.5751979433786943 0.3257120388760755 -1.4203430215043236 -0.31785622418104986 -0.101699612848752 -0.15234816716370214 3.612283845442766e-07 -0.0121720916567838 -0.00010961008447442744
-0.02533897309896701 -0.060623296373560495 1.0502903716797183 0.018821565903050248 0.01709132500024061 -0.07168559106867091 0.9971032099536279 -0.1696707404357692 -0.5361336915281046 -0.3159715119780978 0.14509242350007592 0.028495773656536133 -0.368841775233934 0.6102831031743988 -0.27284792589822393 -0.06855037887349784 0.03349839870318312 -0.013185966501934345 0.06448110362563726 0.5750014151801103 -0.9145796052400998 -1.420617823918768 0.3114226471410705 0.015686547737538935 -0.12899586044260425 4.2099180232066776e-07 -0.29416046419920266 -0.5751956520674649 0.32573086114180533 -1.420341532245018 -0.3178674679879211 -0.10171684605700537 -0.15229133482782956 3.7857919454530195e-07 -0.012175634296729809 -0.0001129199259352712
-0.025324584814340096 -0.06069784226074797 1.050339275907365 0.019166214661270515 0.01719001943582447 -0.0717585582834447 0.9970896994555883 -0.16977447027025905 -0.5361932014709563 -0.315942415173477 0.1452299909736086 0.02760865032979115 -0.36904282498783947 0.6102865384185914 -0.27279371022146987 -0.06836750860355426 0.033341307217030575 -0.013259817007647987 0.06428775939924004 0.5750027790207126 -0.9149835022447258 -1.4206184729149347 0.31141988473642873 0.015637709671794443 -0.12894896426861982 4.235477048333738e-07 -0.29430510382788794 -0.5751933747445755 0.3257518440873539 -1.4203400605523027 -0.3178787424165455 -0.10173380773328118 -0.15223421235003584 3.9571090076453747e-07 -0.012179131265572737 -0.00011624604762502142
-0.025310372320458567 -0.06077142404048727 1.0503879498286663 0.019509971243504797 0.01728833931851092 -0.07183074568524897 0.9970761346657468 -0.16987708059653694 -0.5362490598255026 -0.31591256244172977 0.1453658348862364 0.02672269672201981 -0.3692429876378433 0.6102899508078806 -0.27273968252729036 -0.0681839725123833 0.03318499976253923 -0.013332738232502203 0.06409559306627319 0.5750041246019282 -0.9153858073869551 -1.4206191081921018 0.31141716137903547 0.01558913280910258 -0.1289020267912205 4.2593839780025473e-07 -0.2944491152131124 -0.5751911116730517 0.32577495860277167 -1.4203386065970651 -0.31789004660995684 -0.10175050070182973 -0.1521768055324673 4.126221449109302e-07 -0.012182582930645235 -0.00011958813263867033
-0.025296334849731514 -0.06084405138343695 1.0504363904633576 0.01985281713573287 0.01738628335498407 -0.07190215646025505 0.9970625169462747 -0.1699785821472701 -0.5363013163126731 -0.315881964930665 0.1454999642618757 0.02583798031382876 -0.3694422657781613 0.6102933403126325 -0.2726858425417147 -0.06799980062679406 0.033029478618520465 -0.013404737302526332 0.06390459548641883 0.5750054518267524 -0.9157865307683045 -1.4206197296023102 0.3114144768006603 0.015540815201071739 -0.1288550491575242 4.281669312482935e-07 -0.294592497203952 -0.5751888631115238 0.3258001758122495 -1.4203371705444372 -0.317901379717326 -0.10176692776380886 -0.1521191201375287 4.293116033549844e-07 -0.01218598965598435 -0.00012294586695581005
-0.025282471643601437 -0.06091573390105521 1.0504845949316846 0.02019473415721664 0.017483850276652124 -0.07197279379162906 0.9970488476727961 -0.17007898557697604 -0.5363500200715456 -0.3158506337191466 0.14563238811353202 0.024954567556354498 -0.3696406620006303 0.6102967069090928 -0.272632189982836 -0.06781502261614945 0.032874745907409256 -0.013475821281586668 0.06371475759078078 0.5750067606044981 -0.916185682294591 -1.420620337002251 0.31141183073375894 0.015492754925732963 -0.12880803252578263 4.302363162788513e-07 -0.29473524868727197 -0.5751866293141416 0.3258274670738141 -1.4203357525538112 -0.3179127408939999 -0.10178309169737962 -0.1520611618876574 4.457779886948669e-07 -0.012189351802352128 -0.00012631893943733052
-0.025268781952675224 -0.060986481145319626 1.0505325604528917 0.020535704457125152 0.017581038839699192 -0.07204266085946957 0.9970351282337317 -0.17017830146238866 -0.5363952196617976 -0.31581857981680367 0.14576311544270976 0.024072523880056314 -0.369838178895046 0.6103000505791903 -0.27257872456043125 -0.0676296677943814 0.03272080359797635 -0.013545997170929096 0.06352607038185709 0.5750080508507751 -0.9165832716783884 -1.4206209302532926 0.3114092229115117 0.015444950087317794 -0.1287609780649288 4.321495239423862e-07 -0.29487736858770497 -0.5751844105305114 0.32585680397904654 -1.4203343527788501 -0.3179241293015329 -0.10179899525779378 -0.1520029364651149 4.620200509029354e-07 -0.012192669727203787 -0.00012970704182146015
-0.025255265036855202 -0.0610563026084709 1.050580284343709 0.020875710511152765 0.017677847825124403 -0.07211176084073471 0.997021360029651 -0.17027654030287537 -0.5364369630662293 -0.3157858141637367 0.1458921552388143 0.023191913703573416 -0.3700348190494906 0.610303371310348 -0.2725254459755927 -0.06744376512205578 0.03256765350798504 -0.013615271908705671 0.0633385249334863 0.5750093224874603 -0.9169793084414589 -1.4206215092215013 0.3114066530678599 0.01539739881603223 -0.12871388695412775 4.339094859252443e-07 -0.2950188558675979 -0.575182207005627 0.3258881583527427 -1.4203329713675004 -0.31793554410771935 -0.10181464117748827 -0.15194444951179908 4.780365787655414e-07 -0.012195943784686226 -0.0001331098687192163
-0.02524192016546829 -0.061125207722780586 1.0506277640168424 0.021214735118131 0.017774276038773292 -0.0721800969091703 0.9970075444726323 -0.17037371252080818 -0.53647529769338 -0.31575234763019805 0.1460195164785711 0.022312800442641337 -0.37023058505066175 0.6103066690952963 -0.2724723539203662 -0.06725734320848514 0.032415297306819434 -0.013683652369507271 0.06315211239077083 0.5750105754426642 -0.9173738019171813 -1.4206220737776551 0.3114041209375411 0.015350099267829204 -0.12866676038233865 4.35519094118117e-07 -0.29515970952694026 -0.5751800189797982 0.3259215022525356 -1.4203316084620004 -0.3179469844866169 -0.10183003216617523 -0.15188570662908008 4.938264009051177e-07 -0.01219917432563413 -0.00013652711760956136
-0.025228746617390493 -0.06119320586034288 1.0506749969794618 0.02155276139663538 0.017870322311376013 -0.07224767223524653 0.9969936829856324 -0.17046982846193204 -0.5365102703802077 -0.31571819101631865 0.14614520812547632 0.021435246519060546 -0.3704254794842385 0.6103099439318898 -0.27241944807738516 -0.06707043031388643 0.03226373651810269 -0.013751145363948414 0.0629668239699862 0.5750118096507064 -0.9177667612530049 -1.4206226237972601 0.31140162625612333 0.015303049624178862 -0.1286195995478813 4.3698119997265693e-07 -0.2952999286032948 -0.5751778466885926 0.32595680796851634 -1.4203302641988862 -0.31795844961856234 -0.10184517091092643 -0.1518267133776589 5.093883865939748e-07 -0.012202361697539747 -0.00013995848883402705
-0.025215743681171007 -0.061260306332888426 1.0507219808316923 0.02188977278158871 0.017965985498575126 -0.07231448998608482 0.9969797770018647 -0.17056489839578157 -0.5365419273948354 -0.3156833550518373 0.14626923912924153 0.02055931336971597 -0.3706195049352408 0.6103131958229286 -0.27236672811951546 -0.06688305435158261 0.03211297252226339 -0.013817757638243371 0.0627826509584651 0.5750130250520828 -0.9181581954128826 -1.420623159160561 0.31139916876003954 0.015256248091838995 -0.12857240565800437 4.382986155135589e-07 -0.29543951217170245 -0.5751756903627738 0.3259940480228066 -1.4203289387089963 -0.3179699386901875 -0.10186006007626303 -0.15176747527745252 5.247214470590251e-07 -0.012205506244538892 -0.00014340368559074475
-0.025202910655156386 -0.06132651839161965 1.0507687132651093 0.02222575302086161 0.018061264480936673 -0.07238055332538018 0.9969658279641871 -0.1706589325160299 -0.5365703144393955 -0.31564785039575677 0.14639161842524134 0.0196850614556452 -0.3708126639883659 0.6103164247759868 -0.2723141937095133 -0.06669524289024652 0.0319630065590583 -0.013883495873756736 0.06259958471445574 0.5750142215934229 -0.9185481131796768 -1.4206236797525393 0.3113967481866183 0.015209692902623296 -0.12852517992847232 4.394741117916446e-07 -0.2955784593445566 -0.5751735502282285 0.3260331951690697 -1.4203276321174705 -0.317981450894418 -0.10187470230423534 -0.15170799780751212 5.398245361473799e-07 -0.012208608307413644 -0.0001468624139286636
-0.025190246847606835 -0.06139185122706894 1.050815192061234 0.02256068617187107 0.018156158163985987 -0.07244586541334051 0.9969518373244972 -0.17075194094089807 -0.5365954766528981 -0.3156116876361422 0.14651235493401113 0.018812550271143577 -0.3710049592284049 0.610319630803237 -0.27226184449966623 -0.06650702315618356 0.03181383973010842 -0.01394836668666208 0.06241761666697698 0.575015399227469 -0.9189365231576251 -1.4206241854629271 0.3113943642741176 0.015163382313168914 -0.1284779235831423 4.4051042032182695e-07 -0.29571676927150486 -0.5751714265059236 0.3260742223920669 -1.4203263445437437 -0.3179929854304726 -0.10188910021450027 -0.15164828640596878 5.546966503794748e-07 -0.012211668223538077 -0.00015033438274014303
-0.02517775157681602 -0.061456313968976085 1.0508614150900342 0.022894556598178687 0.018250665478213444 -0.07251042940660625 0.9969378065431387 -0.17084393371354348 -0.5366174586141936 -0.3155748772898145 0.1466314575607159 0.017941838352912416 -0.37119639324060205 0.6103228139212861 -0.2722096801314585 -0.06631842203565352 0.03166547300135598 -0.014012376627526503 0.062236738315641305 0.575016557913033 -0.9193234337747399 -1.4206246761862007 0.31139201676175476 0.015117314604702801 -0.12843063785355893 4.4141023299040384e-07 -0.295854441139297 -0.5751693194118382 0.3261171029071134 -1.4203250761015338 -0.31800454150384816 -0.10190325640439273 -0.15158834647002248 5.693368296153635e-07 -0.012214686326879146 -0.0001538193037537915
-0.025165424171226553 -0.06151991568618647 1.050907380308429 0.02322734896608902 0.01834478537908594 -0.07257424845817875 0.9969237370883157 -0.1709349208024279 -0.5366363043449958 -0.31553742980207533 0.14674893519465004 0.017072983289240395 -0.37138696861104514 0.6103259741510103 -0.2721577002352337 -0.06612946607722833 0.031517907205511786 -0.014075532180941765 0.06205694123046549 0.575017697614959 -0.9197088532852273 -1.4206251518215767 0.3113897053897356 0.015071488082807777 -0.12838332397855448 4.421762016232879e-07 -0.29599147417163546 -0.5751672291569062 0.3261618101595317 -1.4203238268988194 -0.3180161183262903 -0.101917173448984 -0.15152818335597415 5.837441567455857e-07 -0.01221766294797007 -0.0001573168915267123
-0.02515326396954103 -0.061582665386569424 1.0509530857587983 0.02355904824124903 0.018438516847067342 -0.07263732571735504 0.9969096304355164 -0.17102491210172185 -0.5366520573129403 -0.31549935554650244 0.14686479670876323 0.01620604172921385 -0.3715766879270948 0.6103291115173923 -0.27210590442985155 -0.06594018149418424 0.03137114304448922 -0.01413783976520949 0.06187821705167141 0.5750188183040972 -0.9200927897719265 -1.4206256122730136 0.3113874298992858 0.015025901077188701 -0.1283359832038472 4.428109392072501e-07 -0.29612786762903 -0.5751651559469715 0.32620831782410764 -1.4203225970378086 -0.318027715115756 -0.10193085390112971 -0.1514678023793075 5.979177570605034e-07 -0.012220598413859795 -0.000160826863435425
-0.025141270320836264 -0.06164457201695409 1.0509985295674977 0.02388963968525003 0.018531858887611094 -0.07269966432964337 0.9968954880669466 -0.17111391743169413 -0.5366647604347308 -0.31546066482464863 0.14697905095915836 0.015341069391959216 -0.3717655537777603 0.6103322260493662 -0.27205429232236816 -0.06575059416692776 0.03122518109176078 -0.014199305731958078 0.06170055748945758 0.5750199199572539 -0.9204752511486853 -1.420626057449195 0.311385190032678 0.014980551941438469 -0.1282886167816571 4.433170195125842e-07 -0.29626362080860164 -0.575163099982719 0.3262565998044504 -1.4203213866148918 -0.3180393310963558 -0.10194430029150152 -0.15140720881483752 6.118567978399003e-07 -0.012223493048114244 -0.0001643489396669697
-0.025129442584670127 -0.061705644463085324 1.0510437099433791 0.024219108852232153 0.018624810531173833 -0.07276126743669939 0.9968813114709728 -0.17120194653909046 -0.5366744560793164 -0.31542136786583536 0.14709170678464403 0.014478121075905945 -0.37195356875414315 0.6103353177796592 -0.27200286350770075 -0.06556072964545243 0.031080021794733938 -0.014259936365855395 0.06152395432376852 0.575021002557164 -0.9208562451627874 -1.4206264872635244 0.3113829855332617 0.014935439052805017 -0.1282412259703192 4.4369697790181457e-07 -0.2963987330439121 -0.5751610614596301 0.326306630232391 -1.4203201957205793 -0.3180509654982799 -0.10195751512859481 -0.1513464078969289 6.255604854496561e-07 -0.012226347170757969 -0.00016788284320827927
-0.0251177801311892 -0.061765891549596455 1.051088625176318 0.024547441585492918 0.01871737083321466 -0.07282213817624873 0.9968671021415734 -0.1712890090975536 -0.5366811860711234 -0.3153814748269263 0.147202773006271 0.013617250668072477 -0.3721407354498593 0.6103383867446397 -0.2719516175683054 -0.06537061315182577 0.030935665477065572 -0.0143197378842953 0.06134839940404279 0.5750220660924511 -0.9212357793973412 -1.4206269016341135 0.3113808161454925 0.01489056081196014 -0.1281938120339033 4.439533125884386e-07 -0.29653320370476094 -0.5751590405679253 0.3263583834673167 -1.4203190244394162 -0.31806261755770643 -0.10197050089871085 -0.1512854048198064 6.390280636094258e-07 -0.012229161098245764 -0.00017142829983477398
-0.025106282341235346 -0.061825322039999304 1.0511332736357482 0.02487462401410047 0.018809538874184774 -0.07288227968200875 0.9968528615778013 -0.17137511470798436 -0.5366849916933598 -0.31534099579205443 0.14731225842687729 0.012758511153371855 -0.3723270564614516 0.610341432984168 -0.271900554073863 -0.06518026958270492 0.030792112340941813 -0.014378716437078144 0.06117388464894366 0.575023110557583 -0.921613861273651 -1.42062730048376 0.3113786816149595 0.014845915642769379 -0.12814637624184907 4.44088483861968e-07 -0.2966670321969618 -0.5751570374924999 0.326411834095461 -1.4203178728498702 -0.31807428651667885 -0.10198326006589555 -0.15122420473797626 6.522588091822511e-07 -0.012231935143436165 -0.0001749850380984243
-0.025094948606446 -0.06188394463669209 1.0511776537692017 0.0252006425495118 0.01890131375953649 -0.07294169508362276 0.9968385912832544 -0.1714602728989645 -0.5366859136913291 -0.3152999407724676 0.1474201718306716 0.011901954623928762 -0.3725125343888636 0.6103444565414441 -0.2718496725809516 -0.06498972351187857 0.0306493624693614 -0.014436878106176877 0.061000402046086484 0.5750241359528456 -0.9219904980536258 -1.4206276837399405 0.3113765816884185 0.014801501992067066 -0.12809891986859026 4.441049166488668e-07 -0.29680021796213857 -0.5751550524128788 0.3264669569292186 -1.4203167410241877 -0.3180859716229689 -0.10199579507183296 -0.1511628127667773 6.65252027235933e-07 -0.012234669615520603 -0.0001785527893132166
-0.02508377832935868 -0.06194176798098192 1.051221764100861 0.02552548388219758 0.018992694619699164 -0.07300038750657242 0.996824292765557 -0.17154449312713524 -0.5366839922758327 -0.31525831970624224 0.14752652198278096 0.011047632288414426 -0.37269717183584383 0.6103474574628645 -0.27179897263274555 -0.06479899919283544 0.030507415828333273 -0.014494228905417005 0.06082794365173739 0.5750251422842902 -0.9223656968421136 -1.4206280513347807 0.31137451611382144 0.014757318329434404 -0.12805144419320214 4.440049999163262e-07 -0.2969327604774627 -0.5751530855031382 0.3265237270063479 -1.4203156290282044 -0.31809767212990525 -0.10200810833567013 -0.15110123398310432 6.780070441323114e-07 -0.012237364820007913 -0.00018213128754045548
-0.02507277092350911 -0.06199880065312431 1.0512656032301146 0.02584913497827337 0.01908368061007473 -0.07305836007210438 0.99680996753585 -0.17162778477761984 -0.5366792671265808 -0.3152161424581077 0.1476313176288394 0.010195594481387705 -0.37288097141041066 0.6103504357978738 -0.2717484537586998 -0.06460812056135638 0.030366272269080903 -0.014550774780242543 0.060656501590510815 0.5750261295637 -0.9227394645892736 -1.4206284032050391 0.31137248464035355 0.014713363146984626 -0.1280039504990387 4.437910893476977e-07 -0.2970646592554089 -0.5751511369318442 0.32658211958919464 -1.420314536921106 -0.31810938729618876 -0.1020202022537609 -0.15103947342633284 6.905231984378967e-07 -0.012240021058663281 -0.00018572026957097804
-0.02506192581352842 -0.062055051172377876 1.0513091698301256 0.026171583076137962 0.019174270911024034 -0.07311561589715665 0.9967956171082911 -0.17171015716439023 -0.5366717773956649 -0.3151734188192268 0.14773456749458622 0.00934589067264518 -0.37306393572530583 0.610353391598818 -0.2716981154742412 -0.06441711123812965 0.030225931530212944 -0.014606521607474953 0.06048606805505366 0.5750270978085517 -0.9231118080929285 -1.4206287392920853 0.31137048701847075 0.014669634959151509 -0.12795644007338494 4.434655079923058e-07 -0.29719591384348754 -0.575149206861977 0.3266421101638594 -1.4203134647551185 -0.3181211163856863 -0.1020320791992899 -0.15097753609950404 7.027998278200809e-07 -0.012242638629457521 -0.00018931947490556162
-0.02505124243523726 -0.06211052799707418 1.0513524626464053 0.026492815683119657 0.019264464727858005 -0.07317215809428612 0.9967812429995632 -0.17179161953068411 -0.5366615617110486 -0.31513015850703113 0.1478362802854766 0.008498569476575063 -0.37324606739847044 0.6103563249207952 -0.27164795728045604 -0.06422599453138778 0.030086393239868364 -0.014661475195107831 0.06031663530572024 0.5750280470419832 -0.9234827340009206 -1.4206290595418831 0.3113685229999475 0.014626132302490538 -0.12790891420710243 4.430305490041887e-07 -0.2973265238239708 -0.5751472954508541 0.32670367443933895 -1.420312412575116 -0.3181328586672344 -0.10204374152175441 -0.15091542697083335 7.148362540685384e-07 -0.012245217826499837 -0.000192928645732153
-0.02504072023574047 -0.0621652395247012 1.0513954804954007 0.026812820572131055 0.019354261290812576 -0.07322798977158781 0.9967668467283941 -0.1718721810493733 -0.5366486581801224 -0.31508637116498595 0.14793646468628505 0.007653678661516786 -0.37342736905348956 0.610359235821509 -0.2715979786637904 -0.06403479343956542 0.029947656917810893 -0.014715641282071954 0.06014819567022775 0.575028977292752 -0.9238522488134332 -1.420629363904964 0.3113665923379321 0.014582853735492335 -0.1278613741942881 4.4248847684080875e-07 -0.2974564888135837 -0.5751454028500297 0.32676678834658823 -1.420311380418121 -0.3181446134144714 -0.1020551915462524 -0.1508531509756332 7.266317615422013e-07 -0.012247758939981545 -0.00019654752690086779
-0.02503035867351956 -0.062219194092000746 1.05143822226309 0.027131585778332645 0.019443659855024345 -0.07328311403261188 0.9967524298150862 -0.17195185082338194 -0.5366331043932743 -0.315042066362393 0.14803512936071375 0.006811265159121214 -0.3736078433200475 0.6103621243611178 -0.27154817909574935 -0.06384353065397676 0.02980972197748944 -0.01476902553802214 0.05998074154330125 0.5750298885951962 -0.9242203588853062 -1.420629652336406 0.3113646947870194 0.014539797838414345 -0.12781382133192584 4.418415305527021e-07 -0.2975858084631797 -0.5751435292051857 0.32683142803753423 -1.4203103683126739 -0.31815637990576834 -0.10206643157252278 -0.15079071301876007 7.38185571352109e-07 -0.012250262256112789 -0.0002001758658953324
-0.025020157218522448 -0.062272399975079676 1.051480686903589 0.02744909959580514 0.019532659700506043 -0.07333753397628627 0.9967379937810542 -0.1720306378860628 -0.5366149374275 -0.314997253594188 0.1481322829510223 0.005971375073710719 -0.3737874928343899 0.610364990602079 -0.27149855803259376 -0.06365222856151137 0.029672587728080815 -0.014821633563146553 0.05981426538631025 0.5750307809891998 -0.9245870704283539 -1.4206299247958136 0.3113628301033435 0.014496963213129946 -0.12776625691954022 4.410919273657685e-07 -0.2977144824573991 -0.5751416746560077 0.32689756988403645 -1.420309376278029 -0.3181681574243464 -0.10207746387365227 -0.1507281179777357 7.494968066388534e-07 -0.012252728057044426 -0.00020381341280043062
-0.02501011535225045 -0.0623248653895345 1.0515228734377688 0.02776535057423088 0.01962126013212302 -0.07339125269684323 0.9967235401483732 -0.17210855120155805 -0.53659419385004 -0.31495194228074797 0.1482279340776744 0.0051340536916374266 -0.37396632023979426 0.6103678346089854 -0.27144911491503265 -0.06346090924734768 0.02953625337651127 -0.014873470888001682 0.059648759726896046 0.5750316545201648 -0.9249523895136857 -1.4206301812473074 0.3113609980447054 0.014454348483005532 -0.12771868225884658 4.402418665829291e-07 -0.29784251051430827 -0.5751398393360463 0.32696519047678774 -1.420308404323137 -0.31817994525874616 -0.10208829069434715 -0.1506653707067432 7.605644491227942e-07 -0.012255156620769488 -0.0002074599202668658
-0.025000232567847006 -0.062376598490587194 1.0515647809518847 0.028080327515584987 0.019709460479551834 -0.07344427328372753 0.9967090704393372 -0.17218559966520888 -0.5365709097220439 -0.3149061417676616 0.14832209133895582 0.004299345490641673 -0.3741443281870009 0.6103706564483976 -0.27139984916792786 -0.06326959449768377 0.029400718029403736 -0.01492454297330735 0.05948421715858179 0.5750325092389702 -0.9253163220739827 -1.420630421659507 0.3113591983707471 0.014411952292810674 -0.12767109865339535 4.392935376989898e-07 -0.2979698923849805 -0.5751380233725418 0.32703426662409035 -1.4203074524453523 -0.3181917427039183 -0.10209891424863582 -0.15060247604177082 7.713873464165567e-07 -0.0122575482210583 -0.00021111514347396662
-0.02499050837017806 -0.062427607373235376 1.0516064085962171 0.028394019470834343 0.019797260097261876 -0.07349659882153674 0.9966945861760248 -0.17226179210385623 -0.5365451206022537 -0.3148598613255539 0.14841476331066747 0.0034672941492047793 -0.3743215193347033 0.6103734561886565 -0.27135076019997123 -0.06307830580248369 0.029265980695070935 -0.014974855209846826 0.059320630340383304 0.575033345201962 -0.9256788739058407 -1.4206306460055382 0.31135743084320044 0.014369773308661578 -0.12762350740820247 4.382494327956613e-07 -0.29809662785308016 -0.5751362268862508 0.3271047753505938 -1.420306520628778 -0.31820354906332615 -0.1021093367166145 -0.15053943880724222 7.819709729774159e-07 -0.01225990312730385 -0.00021477884009079017
-0.024980942275920605 -0.06247790007240392 1.0516477555836514 0.028706415736818217 0.019884658364566814 -0.07354823238988102 0.9966800888798739 -0.1723371372773437 -0.536516861551085 -0.31481311015080654 0.14850595854565912 0.0026379425554036544 -0.3744978963506239 0.6103762339005809 -0.27130184740379165 -0.06288706435809653 0.02913204028581587 -0.015024412918174383 0.059157991995823805 0.5750341624707195 -0.9260400506712073 -1.420630854262783 0.31135569522444595 0.014327810216104589 -0.12757590982987757 4.37111683333319e-07 -0.29822271673674244 -0.5751344499934867 0.32717669390025006 -1.4203056088606811 -0.31821536364479464 -0.1021195602699658 -0.1504762637574508 7.923143607977599e-07 -0.012262221606557258 -0.00021845077062657478
-0.024971533813643206 -0.0625274845631169 1.051688821188341 0.029017505852975706 0.01997165468558676 -0.0735991770633034 0.9966655800712678 -0.17241164387886265 -0.5364861671343837 -0.3147658973653502 0.1485956855734976 0.0018113328162316718 -0.3746734619119758 0.6103789896572963 -0.27125311015565723 -0.06269589107002589 0.028998895619826857 -0.01507322134848177 0.05899629491251069 0.5750349611120268 -0.9263998578996455 -1.420631046412868 0.3113539912777392 0.014286061720041864 -0.12752830722627903 4.358823669037734e-07 -0.2983481588881393 -0.5751326928059629 0.3272499997350385 -1.420304717130033 -0.31822718576259884 -0.10212958706909622 -0.15041295558256348 8.024167527889747e-07 -0.012264503923437557 -0.00022213069839256423
-0.02496228252388197 -0.06257636876068172 1.0517296047443805 0.029327279598089517 0.02005824848922527 -0.07364943591120982 0.9966510612691287 -0.17248532053534793 -0.5364530714271861 -0.3147182320165507 0.14868395290016284 0.0009875062668921373 -0.37484821870597657 0.6103817235340745 -0.2712045478151748 -0.06250480655570784 0.028866545423070846 -0.015121285680524225 0.058835531941711636 0.575035741197854 -0.926758300990602 -1.4206312224416586 0.3113523187673731 0.01424452654462796 -0.12748070090617822 4.345635158364351e-07 -0.2984729541930949 -0.5751309554306728 0.3273246705337933 -1.4203038454263712 -0.31823901473857413 -0.10213941926112569 -0.1503495189132811 8.122776165527234e-07 -0.012266750340032141 -0.00022581838946380962
-0.024953187959220455 -0.06262456052088217 1.0517701056444901 0.02963572698704698 0.020144439229119394 -0.0736990119977722 0.9966365339905244 -0.1725581758079018 -0.5364176080175371 -0.3146701230770128 0.14877076900769667 0.0001665034800704087 -0.3750221694303062 0.6103844356081946 -0.27115615972502044 -0.06231383114729786 0.028734988331095432 -0.015168611023471229 0.05867569599790934 0.5750365028053098 -0.9271153852155894 -1.4206313823392243 0.31135067745878986 0.014203203433137598 -0.1274330921789528 4.331571205605371e-07 -0.2985971025706741 -0.5751292379697641 0.32740068419098967 -1.420302993738909 -0.3182508499026161 -0.102149058978378 -0.1502859583244824 8.218966093302707e-07 -0.012268961115861012 -0.00022951361264469922
-0.02494424968436453 -0.06267206764018304 1.0518103233387135 0.02994283826761691 0.02023022638360265 -0.07374790838184603 0.9966219997502817 -0.17263021819219043 -0.5363798100103306 -0.31462157944443364 0.1488561423538886 -0.0006516357248216018 -0.3751953167936081 0.6103871259588088 -0.2711079452106654 -0.06212298489446506 0.028604222890838995 -0.015215202415816632 0.05851678005835397 0.5750372460166058 -0.9274711157203805 -1.4206315260998041 0.3113490671186621 0.014162091147807929 -0.12738548235429287 4.316651325065757e-07 -0.29872060397280525 -0.5751275405204461 0.327478018815595 -1.420302162055836 -0.3182626905928292 -0.10215850833724756 -0.15022227833808807 8.312735472580648e-07 -0.01227113650781366 -0.00023321613943704504
-0.02493546727621417 -0.0627188978559452 1.0518502573331237 0.030248603917242697 0.02031560945567577 -0.07379612811689108 0.9966074600606086 -0.17270145611889381 -0.5363397100311501 -0.31457260994152153 0.14894008137197648 -0.0014668722724284558 -0.37536766351601986 0.610389794666816 -0.27105990358010124 -0.06193228756719305 0.028474247562423203 -0.01526106482532653 0.058358777162612153 0.5750379709190239 -0.9278254975271951 -1.4206316537217776 0.3113474875149549 0.014121188469663697 -0.12733787274190933 4.300894679967736e-07 -0.29884345838391935 -0.57512586317492 0.32755665272995665 -1.4203013503637711 -0.31827453615548873 -0.10216776943735703 -0.1501584834253329 8.404083834287246e-07 -0.012273276770087431 -0.0002369257440104296
-0.024926840323935714 -0.06276505884664964 1.0518899071885441 0.030553014639852064 0.02040058797296402 -0.0738436742508826 0.9965929164307279 -0.17277189795412734 -0.5362973402301581 -0.31452322331585947 0.14902259447033395 -0.0022791678222594193 -0.3755392123296781 0.6103924418147442 -0.2710120341235819 -0.06174175865858755 0.02834506072089488 -0.015306203148960503 0.05820168041210066 0.5750386776048729 -0.9281785355368426 -1.4206317652076188 0.31134593841697045 0.014080494198329425 -0.12729026465126392 4.284320096494977e-07 -0.2989656658205758 -0.575124206020313 0.32763656446867223 -1.420300558647333 -0.31828638594489744 -0.10217684436093426 -0.15009457800858475 8.493011889885815e-07 -0.012275382154145198 -0.00024064220317641732
-0.024918368429033704 -0.06281055823213036 1.0519292725192817 0.03085606136268391 0.02048516148766903 -0.07389054982621249 0.9965783703665188 -0.17284155199991932 -0.536252732285999 -0.3144734282397807 0.14910369003214513 -0.0030884847595244935 -0.37570996597921785 0.6103950674866427 -0.270964336113375 -0.06155141738768949 0.02821666065791856 -0.015350622212787568 0.05804548296961056 0.5750393661714369 -0.9285302345308286 -1.4206318605638442 0.311344419595381 0.014040007151828578 -0.12724265939130697 4.2669460835125345e-07 -0.29908722633108004 -0.5751225691386201 0.3277177327774523 -1.4202997868888074 -0.31829823932320217 -0.1021857351723609 -0.15003056646280996 8.579521394837377e-07 -0.01227745290869866 -0.0002443652963657219
-0.024910051205413772 -0.06285540357381884 1.0519683529918695 0.031157735233130528 0.020569329576551092 -0.07393675787962596 0.9965638233701657 -0.17291042649462046 -0.5362059174097018 -0.31442323331034455 0.14918337641515886 -0.0038947861860036195 -0.37587992722235514 0.6103976717679678 -0.27091680880349045 -0.06136128270229224 0.028089045583528136 -0.015394326772021131 0.057890178058836145 0.5750400367209533 -0.9288805991735205 -1.420631939800982 0.31134293082225944 0.013999726166376297 -0.12719505827021232 4.248790861487872e-07 -0.2992081399951556 -0.5751209526066876 0.32780013661207685 -1.4202990350678881 -0.3183100956602007 -0.10219444391784767 -0.14996645311675946 8.663615021575955e-07 -0.012279489279617589 -0.00024809480560568126
-0.02490188827945425 -0.06289960237499351 1.052007148323827 0.031458027615598814 0.020653091840863887 -0.07398230144210405 0.9965492769398203 -0.17297852961341756 -0.5361569263486315 -0.31437264704917794 0.14926166195133844 -0.004698035910940109 -0.3760490988303563 0.6104002547454883 -0.27086945142945523 -0.061171373281764106 0.027962213627721548 -0.015437321510908668 0.057735758963876435 0.5750406893605433 -0.9292296340141795 -1.4206320029335027 0.3113414718710971 0.013959650096165786 -0.1271474625951384 4.2298723613286817e-07 -0.29932840692353563 -0.5751193564961581 0.32788375513721724 -1.4202983031614773 -0.3183219543331488 -0.10220297262521036 -0.14990224225395113 8.745296300755384e-07 -0.012281491509954274 -0.000251830515502595
-0.02489387929006639 -0.06294316208104099 1.0520456582824282 0.03175693008838695 0.020736447906330044 -0.07402718353879371 0.9965347325692683 -0.17304586946875178 -0.5361057893904335 -0.31432167790244514 0.14933855494661608 -0.0054981984419708715 -0.37621748358861534 0.6104028165071808 -0.27082226320805475 -0.060981707539873115 0.027836162842144716 -0.015479611042775622 0.05758221902874626 0.5750413242021826 -0.929577343489077 -1.4206320499797784 0.3113400425168231 0.013919777813147552 -0.1270998736719814 4.210208251930927e-07 -0.2994480272576257 -0.5751177808734668 0.3279685677253792 -1.4202975911435343 -0.3183338147265856 -0.10221132330372243 -0.1498379381134733 8.824569518259629e-07 -0.012283459839868933 -0.00025557221322322795
-0.02488602388875776 -0.06298609007972385 1.0520838826834873 0.03205443444057941 0.020819397423095982 -0.07407140718891068 0.9965201917476074 -0.17311245411082982 -0.5360525363669897 -0.3142703342407845 0.14941406368059748 -0.006295238976086606 -0.37638508429718476 0.6104053571421357 -0.27077524333709685 -0.060792303627615125 0.02771089120168314 -0.015521199910011618 0.057429551656873745 0.5750419413626485 -0.9299237319235389 -1.4206320809620288 0.311338642535818 0.013880108206806581 -0.12705229280513966 4.1898159515221804e-07 -0.29956700116912593 -0.5751162257998198 0.32805455395577426 -1.4202968989849591 -0.3183456762321765 -0.10221949794402409 -0.14977354489066663 8.901439694575082e-07 -0.012285394506621038 -0.00025931968847846466
-0.024878321739691095 -0.06302839370145707 1.0521218213901529 0.032350532668959125 0.020901940065694985 -0.07411497540565774 0.996505655958933 -0.17317829152805164 -0.5359971966584033 -0.31421862435924813 0.14948819640630423 -0.007089123390626564 -0.3765519037713313 0.6104078767404625 -0.27072839099517093 -0.060603179436043625 0.02758639660606474 -0.01556209258410373 0.05727775031059159 0.575042540963478 -0.9302688035340009 -1.4206320959062675 0.3113372717059262 0.013840640183935495 -0.12700472129728774 4.1687126364611057e-07 -0.29968532885967175 -0.5751146913311905 0.32814169361322165 -1.4202962266535084 -0.3183575382485696 -0.10222749851807596 -0.14970906673769968 8.975912514188083e-07 -0.012287295744522605 -0.000263072733507784
-0.024870772519744216 -0.06307008021959108 1.0521594743117197 0.032645216974938135 0.02098407553299867 -0.0741578911961237 0.9964911266820334 -0.17324338964752747 -0.5359397991969842 -0.31416655647724234 0.14956096134988328 -0.007879818234306809 -0.3767179448420672 0.610410375393202 -0.2706817053414218 -0.06041435259910121 0.027462676881392947 -0.015602293465643938 0.057126808510615856 0.5750431231309097 -0.9306125624300134 -1.420632094842245 0.3113359298064671 0.013801372668410413 -0.12695716044915206 4.14691525257742e-07 -0.2998030105604507 -0.5751131775183087 0.3282299666870074 -1.4202955741137337 -0.3183694001812739 -0.10223532697915086 -0.14964450776406987 9.047994312168325e-07 -0.012289163784926095 -0.0002668311430649341
-0.024863375918567385 -0.06311115685070225 1.052196841402452 0.03293847976150611 0.021065803548169743 -0.07420015756118732 0.9964766053900943 -0.1733077563355619 -0.5358803724712524 -0.31411413873846405 0.14963236671033206 -0.008667290718284225 -0.3768832103566885 0.6104128531922406 -0.2706351855153248 -0.060225840496451674 0.027339729781665056 -0.015641806884357096 0.05697671983551872 0.5750436879958286 -0.930955012616237 -1.4206320778033894 0.31133461661824474 0.013762304600963338 -0.12690961155929611 4.124440526181842e-07 -0.29992004653182147 -0.5751116844066557 0.32831935336974316 -1.4202949413269395 -0.3183812614425503 -0.10224298526184972 -0.1495798720370426 9.117692045263878e-07 -0.01229099885620717 -0.0002705947144042188
-0.024856131638636016 -0.06315163075489162 1.0522339226604198 0.03323031363019672 0.021147123858626334 -0.07424177749543469 0.9964620935504095 -0.17337139939811497 -0.5358189445299433 -0.3140613792108794 0.14970242065925696 -0.009451508707259047 -0.3770477031793449 0.610415310230222 -0.27058883063645384 -0.06003766025631182 0.027217552990297045 -0.015680637099183013 0.05682747792120151 0.5750442356937181 -0.9312961579944469 -1.420632044826756 0.3113333319235551 0.013723434938950872 -0.12686207592390852 4.101304979274922e-07 -0.3000364370629495 -0.5751102120364742 0.3284098340562491 -1.4202943282511542 -0.318393121451314 -0.10225047528213323 -0.14951516358204078 9.185013257920377e-07 -0.012292801183726032 -0.00027436324726669964
-0.0248490393953035 -0.06319150903608957 1.0522707181263489 0.03352071137807289 0.021228036235997304 -0.0742827539870643 0.996447592624102 -0.1734343265813017 -0.5357555429860221 -0.3140082858866881 0.1497711313406125 -0.010232440710614151 -0.3772114261915911 0.6104177466004648 -0.2705426398042608 -0.059849828758282854 0.027096144121594907 -0.015718788298342785 0.05667907646035683 0.575044766364601 -0.9316360023654986 -1.4206319959529696 0.31133207550619363 0.013684762656125317 -0.12681455483659856 4.0775249382416324e-07 -0.30015218247142506 -0.5751087604427709 0.3285013893424007 -1.4202937348411129 -0.31840497963304826 -0.10225779893736768 -0.14945038638300434 9.249966075453425e-07 -0.012294570989811293 -0.0002781365438673369
-0.024842098916852295 -0.06323079874236692 1.0523072278824854 0.0338096659947308 0.021308540476075385 -0.0743230900177913 0.9964331040658532 -0.17349654557188093 -0.5356901950207116 -0.31395486668227973 0.14983850687044412 -0.011010055873592807 -0.377374382292935 0.6104201623968835 -0.2704966120978607 -0.05966236263618063 0.026975500722198974 -0.015756264599414357 0.05653150920192255 0.5750452801529761 -0.9319745494312734 -1.420631931226168 0.3113308471514619 0.013646286742406737 -0.12676704958819823 4.0531165423516984e-07 -0.3002672831028759 -0.5751073296553226 0.3285940000239655 -1.4202931610482485 -0.31841683541972854 -0.10226495810638238 -0.14938554438272628 9.312559182632654e-07 -0.012296308493743106 -0.00028191440888245
-0.024835309944543242 -0.06326950686625228 1.0523434520514734 0.03409717065932272 0.021388636398769565 -0.07436278856274929 0.9964186293236402 -0.17355806399776316 -0.5356229273875207 -0.31390112943819887 0.1499045553366315 -0.011784323968516112 -0.37753657440138705 0.6104225577139119 -0.27045074657582097 -0.059475278280864095 0.026855620272498385 -0.015793070049419766 0.056384769950530815 0.5750457772077495 -0.9323118027966019 -1.420631850693943 0.3113296466461733 0.013608006203653489 -0.12671956146656924 4.028095755075577e-07 -0.30038173933057566 -0.5751059196986812 0.3286876470954251 -1.420292606820688 -0.31842868824975645 -0.10227195464953148 -0.1493206414831744 9.372801813539991e-07 -0.012298013911746317 -0.00028569664943744436
-0.024828672232658937 -0.06330764034505694 1.0523793907952441 0.034383218737598066 0.02146832384807393 -0.07440185259041335 0.9964041698384802 -0.17361888942846296 -0.5355537664162736 -0.3138470819191546 0.14996928479868024 -0.012555215386043131 -0.3776980054540523 0.6104249326464236 -0.27040504227593953 -0.059288591843060866 0.026736500188072 -0.015829208624984176 0.05623885256595638 0.5750462576821797 -0.9326477659712122 -1.4206317544072977 0.3113284737786617 0.013569920061435934 -0.12667209175641073 4.002478377502913e-07 -0.30049555155507907 -0.5751045305921995 0.328782311748838 -1.4202920721032513 -0.3184405375679036 -0.10227879040875637 -0.14925568154580393 9.430703723760894e-07 -0.012299687456938031 -0.00028948307509364055
-0.024822185548553092 -0.06334520606120242 1.0524150443139233 0.03466780377896548 0.021547602692001105 -0.0744402850624786 0.9963897270441862 -0.17367902937565816 -0.5354827380171594 -0.3137927318139384 0.15003270328742802 -0.013322701126468295 -0.37785867840763737 0.6104272872896689 -0.2703594982150596 -0.059102319236190706 0.026618137820999154 -0.015864684232390323 0.056093750962546096 0.5750467217337799 -0.932982442371573 -1.4206316424205754 0.3113273283387846 0.013532027352810573 -0.12662464173908364 3.976280049393523e-07 -0.30060872020379237 -0.5751031623500232 0.328877975372589 -1.4202915568374532 -0.31845238282526417 -0.10228546720764917 -0.14919066839187858 9.48627520219896e-07 -0.01230132933936596 -0.00029327349783765617
-0.024815849672688548 -0.0633822108425572 1.0524504128447472 0.03495091951357219 0.02162647282255526 -0.074478088933789 0.996375302367126 -0.17373849129362226 -0.5354098676847706 -0.31373808673544484 0.150094818804858 -0.014086752791066035 -0.3780185962390567 0.6104296217391983 -0.27031411338885186 -0.058916476139184416 0.026500530461267192 -0.01589950070778313 0.055949459108658256 0.5750471695242563 -0.9333158353228151 -1.4206315147914206 0.31132621011793127 0.013494327130092444 -0.12657721269243016 3.949516269630615e-07 -0.3007212457306118 -0.575101814981125 0.3289746195502462 -1.4202910609615043 -0.31846422347922343 -0.10229198685150785 -0.14912560580279027 9.53952702264657e-07 -0.01230293976594813 -0.000297067732068426
-0.02480966439867857 -0.06341866146277653 1.0524854966609944 0.03523255984940398 0.021704934155683583 -0.0745152671522343 0.9963608972259935 -0.17379728257977342 -0.5353351805021374 -0.31368315422065896 0.15015563932385245 -0.014847342573475954 -0.3781777619459882 0.6104319360908016 -0.27026888677162214 -0.05873107799929927 0.026383675338080573 -0.015933661817314194 0.05580597102608868 0.5750476012194152 -0.9336479480605789 -1.4206313715807293 0.31132511890903114 0.013456818460636172 -0.12652980589059715 3.9222024556368517e-07 -0.3008331286155177 -0.5751004884893164 0.32907222605933695 -1.420290584410306 -0.3184760589934502 -0.10229835112738014 -0.14906049752040812 9.590471589023304e-07 -0.012304518940476185 -0.00030086559458537094
-0.024803629533326592 -0.06345456464164706 1.0525202960709314 0.03551271886940785 0.02178298663122247 -0.07455182265864566 0.996346513031586 -0.17385541057516704 -0.535258701144806 -0.3136279417305973 0.15021517278794785 -0.015604443251139473 -0.37833617854742285 0.6104342304404632 -0.27022381731613565 -0.05854614003492732 0.026267569621151354 -0.015967171257282486 0.05566328078947842 0.5750480169890545 -0.9339787837328181 -1.4206312128525849 0.3113240545065301 0.013419500426580043 -0.12648242260388928 3.8943538405290283e-07 -0.30094436936419866 -0.5750991828732972 0.3291707768701776 -1.4202901271157427 -0.31848788883778345 -0.1023045618045724 -0.14899534724636773 9.63912078711617e-07 -0.0123060670636495 -0.0003046669045840314
-0.024797744896659816 -0.06348992704543781 1.0525548114167695 0.03579139082863099 0.021860630212863566 -0.0745877583867087 0.9963321511865882 -0.17391288256501763 -0.5351804538848673 -0.3135724566503394 0.1502734271111305 -0.01635802817677635 -0.37849384908426054 0.6104365048843058 -0.2701789039534227 -0.05836167723840038 0.0261522104220026 -0.01600003265435886 0.05552138252573572 0.5750484170068675 -0.9343083454016395 -1.4206310386742236 0.31132301670639884 0.013382372124627189 -0.1264350640985979 3.865985544553604e-07 -0.3010549685076677 -0.5750978981266897 0.3292702541446763 -1.42028968900669 -0.3184997124882341 -0.1023106206347141 -0.14893015864237755 9.685487061461301e-07 -0.012307584333048816 -0.00030847148364369643
-0.02479201032196316 -0.06352475528725475 1.0525890430736369 0.03606857015138021 0.021937864888106274 -0.07462307726286528 0.9963178130853662 -0.17396970577919976 -0.5351004625950125 -0.3135167062889933 0.15033041017761334 -0.017108071269905357 -0.3786507766198744 0.6104387595185436 -0.2701341455926024 -0.05817770437878941 0.026037594795221223 -0.01603224956578329 0.055380270413448354 0.5750488014503242 -0.9346366360450934 -1.420630849115989 0.3113220053061375 0.01334543266582615 -0.12638773163684908 3.837112579141006e-07 -0.30116492660185507 -0.5750966342380638 0.329370640235093 -1.420289270009029 -0.3185115294269686 -0.10231652935183377 -0.14886493533050857 9.72958342307614e-07 -0.012309070943134949 -0.00031227915571646516
-0.024786425655810324 -0.06355905592739992 1.0526229914485636 0.03634425142840168 0.022014690668212294 -0.07465778220621605 0.9963035001137661 -0.17402588739274863 -0.5350187507525909 -0.3134606978796644 0.1503861298416188 -0.01785454700841234 -0.3788069642406816 0.6104409944394429 -0.2700895411207119 -0.057994236004697323 0.025923719739692156 -0.016063825479585524 0.055239938682292454 0.575049170500541 -0.9349636585589444 -1.420630644251291 0.3113210201047784 0.013308681175351396 -0.12634042647645538 3.8077498641027716e-07 -0.30127424422720345 -0.5750953911909723 0.3294719176828003 -1.4202888700456657 -0.3185233391422875 -0.10232228967244643 -0.14879968089346374 9.77142342357113e-07 -0.012310527085239406 -0.0003160897471165744
-0.024780990758093167 -0.06359283547373423 1.0526566569794802 0.036618429414081 0.02209110758815818 -0.07469187612841904 0.996289213648924 -0.1740814345263823 -0.5349353414436642 -0.31340443857942074 0.15044059392715767 -0.01859743042016555 -0.3789624150567129 0.6104432097432915 -0.27004508940254535 -0.05781128644704489 0.02581058219980154 -0.016094763814813996 0.05510038161243803 0.5750495243421342 -0.9352894157584125 -1.4206304241565675 0.311320060902888 0.01327211679228649 -0.12629314987077397 3.777912238698411e-07 -0.30138292198825567 -0.5750941689639886 0.32957406921702803 -1.4202884890365546 -0.3185351411286056 -0.10232790329564757 -0.1487343988748413 9.811021141384385e-07 -0.012311952947566443 -0.0003199030865099197
-0.024775705502046396 -0.0636261003820451 1.0526900401342263 0.036891099023663027 0.022167115706599915 -0.07472536193360016 0.9962749550590785 -0.17413635424702573 -0.5348502573670425 -0.3133479354693019 0.1504938102278365 -0.01933669707468051 -0.3791171322022155 0.6104454055263772 -0.27000078928049176 -0.057628869821849005 0.02569817906664772 -0.016125067921819194 0.05496159353395832 0.5750498631630692 -0.9356139103799156 -1.4206301889112642 0.3113191275025752 0.013235738669416764 -0.12624590306855718 3.747614485496587e-07 -0.30149096051325586 -0.5750929675307626 0.3296770777536293 -1.42028812689872 -0.31854693488644154 -0.10233337190321247 -0.14866909277939533 9.848391217873845e-07 -0.012313348715173707 -0.00032371900490228803
-0.024770569774273138 -0.06365885705641616 1.0527231414095761 0.037162255330493374 0.02224271510581906 -0.07475824251824698 0.9962607257033951 -0.17419065356830865 -0.5347635208383613 -0.3132911955542325 0.15054578650663458 -0.02007232307483266 -0.3792711188362123 0.610447581884981 -0.2699566395743977 -0.05744700003299278 0.025586507179188492 -0.016154741082495046 0.0548235688262338 0.5750501871544738 -0.9359371450827438 -1.4206299385977994 0.31131821970748763 0.01319954597301146 -0.12619868731383152 3.7168713441175256e-07 -0.3015983604537184 -0.575091786860073 0.3297809263937969 -1.420287783546287 -0.3185587199223955 -0.10233869715969586 -0.14860376607328563 9.883548788550399e-07 -0.012314714569987463 -0.0003275373356299111
-0.024765583474763046 -0.06369111184960202 1.0527559613302722 0.03743189356327968 0.022317905891694124 -0.07479052077112446 0.9962465269317935 -0.17424433945107837 -0.5346751537941211 -0.3132342257630324 0.15059653049572982 -0.02080428504862362 -0.3794243781431287 0.6104497389153788 -0.2699126390814201 -0.057265690774986375 0.025475563325422168 -0.016183786510618036 0.054686301917368806 0.5750504965104545 -0.9362591224507617 -1.4206296733015589 0.31131733732281724 0.01316353788261837 -0.12615150384576085 3.685697540451583e-07 -0.3017051224840292 -0.5750906269159194 0.3298855984228405 -1.4202874588905112 -0.31857049574913443 -0.10234388071253182 -0.14853842218432317 9.91650944220768e-07 -0.012316050690767558 -0.00033135791434725975
-0.024760746516913082 -0.06372287106340385 1.052788500448074 0.03770000910337495 0.022392688193647984 -0.07482219957316273 0.9962323600847853 -0.17429741880396077 -0.5345851777957479 -0.31317703294834154 0.15064604989627114 -0.02153256014099568 -0.37957691333336596 0.6104518767138684 -0.2698687865759143 -0.05708495553571891 0.02536534424347703 -0.016212207352122834 0.05454978728360729 0.5750507914278672 -0.9365798449940224 -1.420629393110884 0.3113164801553033 0.013127713590864286 -0.12610435389852523 3.6541077913523094e-07 -0.30181124730099496 -0.5750894876576121 0.3299910773088969 -1.420287152839814 -0.3185822618853613 -0.10234892419212911 -0.148473064502218 9.947289139702626e-07 -0.012317357253128502 -0.0003351805790146551
-0.024756058827541658 -0.06375414094904872 1.0528207593408165 0.03796659748208168 0.02246706216461071 -0.07485328179736092 0.996218226493317 -0.1743498984838731 -0.5344936140336591 -0.31311962388656617 0.15069435237818732 -0.022257126005701726 -0.379728727643917 0.610453995376812 -0.2698250808093234 -0.056904807599199456 0.02525584662271892 -0.01624000668544791 0.054414019448764936 0.5750510721060765 -0.9368993151503874 -1.42062909811708 0.31131564801323475 0.013092072303256359 -0.12605723870120392 3.622116799860817e-07 -0.3019167356234124 -0.575088369039916 0.3300973467017019 -1.4202868652998255 -0.31859401785573904 -0.10235382921194802 -0.1484076963788006 9.975903952201095e-07 -0.012318634429524751 -0.0003390051698818217
-0.024751520346898096 -0.06378492770757103 1.0528527386114812 0.03823165437797798 0.022541027980987463 -0.07488377030868866 0.9962041274786201 -0.17440178529654637 -0.53440048333134 -0.3130620052778251 0.15074144557999486 -0.02297796079723122 -0.37987982433900086 0.6104560950007006 -0.2697815205100829 -0.056725260048286416 0.02514706710484136 -0.01626718752191707 0.05427899298366604 0.5750513387466889 -0.9372175352871208 -1.4206287884144344 0.3113148407064518 0.013056613237987381 -0.12601015947767016 3.5897391767560217e-07 -0.30202158819165187 -0.5750872710132553 0.33020439043141775 -1.420286596173442 -0.3186057631907215 -0.10235859736853073 -0.14834232112821277 1.0002369530419701e-06 -0.01231988238924052 -0.00034283152946327757
-0.02474713102866635 -0.0638152374901952 1.0528844388872758 0.03849517561426587 0.02261458584263413 -0.07491366796398 0.996190064352067 -0.17445308599711176 -0.5343058061494127 -0.31300418374592104 0.1507873371085938 -0.023695043162794017 -0.38003020671072285 0.610458175682248 -0.2697381043835455 -0.05654632576740423 0.02503900228496471 -0.016293752806164373 0.05414470250552585 0.5750515915532561 -0.9375345077024426 -1.4206284641002496 0.3113140580463545 0.013021335625766224 -0.1259631174464818 3.5569892262761975e-07 -0.30212580576732395 -0.5750861935240336 0.33031219250760085 -1.4202863453609176 -0.31861749742623463 -0.10236323024145355 -0.14827694202706676 1.0026700213471596e-06 -0.01232110129842611 -0.0003466595024944522
-0.02474289083995581 -0.06384507639871878 1.0529158608187241 0.038757157156142856 0.022687735972857122 -0.07494297761183559 0.9961760384150342 -0.17450380729065398 -0.5342096025897487 -0.3129461658383356 0.1508320345390841 -0.024408352234372384 -0.3801798780797979 0.6104602375185136 -0.26969483111191833 -0.05636801744524243 0.02493164871291685 -0.016319705416662188 0.05401114267706104 0.5750518307309511 -0.9378502346270231 -1.4206281252748458 0.3113132998458967 0.012986238709663743 -0.12591611382076737 3.523880437351868e-07 -0.3022293891333068 -0.5750851365152373 0.3304207371186927 -1.420286112760135 -0.31862922010284006 -0.10236772939356807 -0.14821156231443666 1.0048906394090188e-06 -0.012322291320279857 -0.00035048893589573497
-0.024738799761279746 -0.06387445048589738 1.0529470050787555 0.03901759510821956 0.022760478618467028 -0.07497170209252078 0.9961620509587683 -0.17455395583327535 -0.5341118923995276 -0.3128879580266008 0.15087554541457643 -0.025117867620906197 -0.38032884179645354 0.6104622806071381 -0.2696516993542381 -0.05619034757742108 0.02482500289502118 -0.016345048166350556 0.05387830820475704 0.5750520564862147 -0.9381647182251992 -1.4206277720416305 0.31131256591968504 0.012951321745020087 -0.12586914980742234 3.490418688944298e-07 -0.30233233909508733 -0.5750840999271607 0.33053000863203663 -1.4202858982692235 -0.31864093074044125 -0.10237209637627336 -0.14814618517992514 1.0069005371167489e-06 -0.012323452616020737 -0.0003543196807174196
-0.02473485778674644 -0.06390336575593088 1.0529778723618992 0.03927648571178633 0.022832814049251762 -0.07499984423800017 0.9961481032642686 -0.17460353823078542 -0.5340126949749138 -0.31282956670422174 0.1509178772462794 -0.02582356939980485 -0.3804771012397421 0.6104643050458678 -0.26960870774608175 -0.05601332846944531 0.02471906129198947 -0.016369783801437596 0.05374619384336612 0.5750522690262767 -0.9384779605965969 -1.4206274045069782 0.31131185608360296 0.012916583998805038 -0.1258222266088971 3.4566266017884254e-07 -0.3024346564736637 -0.5750830836885641 0.3306399915803277 -1.4202857017774293 -0.31865262891104523 -0.10237633271472571 -0.14808081379748386 1.0087002710612794e-06 -0.012324585341723619 -0.0003581515868291866
-0.024731064923850028 -0.06393182816476187 1.0530084633833356 0.03953382534237282 0.022904742558455263 -0.07502740687168205 0.9961341966021651 -0.17465256104114743 -0.5339120293655086 -0.31277099818845666 0.15095903751301096 -0.02652543810971722 -0.38062465981954974 0.6104663109332916 -0.26956585489978213 -0.05583697223912801 0.024613820322991566 -0.016393915003709358 0.053614794390306406 0.5750524685587922 -0.938789963777386 -1.4206270227803803 0.31131117015538495 0.012882024750054413 -0.12577534542113436 3.422518771422931e-07 -0.3025363421115917 -0.5750820877260151 0.3307506706737212 -1.4202855231734128 -0.31866431417420016 -0.10238043992462714 -0.148015451296336 1.0102928250376386e-06 -0.012325689650961405 -0.00036198450821065014
-0.024727421193489675 -0.0639598436204749 1.053038778878038 0.03978961050718208 0.02297626446267268 -0.07505439280835366 0.996120332232606 -0.17470103077449334 -0.53380991427852 -0.31271225871973896 0.1509990336610914 -0.02722345474270669 -0.3807715209771048 0.6104682983690249 -0.26952313940443196 -0.05566129081927554 0.02450927636601847 -0.016417444390759504 0.053484104686286574 0.5750526552913403 -0.9391007297416619 -1.4206266269745749 0.311310507954288 0.012847643289503283 -0.12572850743414374 3.388109513269835e-07 -0.30263739687115704 -0.5750811119630386 0.33086203079605003 -1.4202853623431992 -0.3186759860941771 -0.10238441950499266 -0.1479501007690734 1.0116808632974684e-06 -0.012326765694376227 -0.00036581830100905775
-0.024723926629974198 -0.06398741798369248 1.0530688195999156 0.040043837842565766 0.023047380101789392 -0.0750808048540786 0.9961065114051537 -0.17474895389372413 -0.5337063680828623 -0.3126533544614164 0.15103787310416333 -0.02791760073654662 -0.3809176881856243 0.6104702674539918 -0.26948055982593705 -0.05548629596034006 0.0244054257586315 -0.016440374516365708 0.05335411961513507 0.5750528294308673 -0.9394102604026205 -1.4206262172056925 0.31130986930115523 0.01281343891947403 -0.12568171383190938 3.35341291754169e-07 -0.3027378216335337 -0.5750801563198579 0.3309740570027761 -1.420285219170019 -0.3186876442404064 -0.10238827293847798 -0.14788476527199076 1.0128669379495458e-06 -0.012327813619593673 -0.00036965282354771715
-0.024720581281012982 -0.06401455706797 1.053098586320966 0.04029650411152211 0.023118089838946008 -0.07510664580610177 0.996092735358684 -0.17479633681510168 -0.5336014088132942 -0.312594291499506 0.15107556322303028 -0.028607857967085093 -0.38106316495103093 0.6104722182907473 -0.26943811470708784 -0.05531199923305208 0.024302264798876292 -0.01646270787098779 0.0532248341033923 0.5750529911830833 -0.9397185576136476 -1.4206257935933786 0.31130925401843834 0.012779410953779505 -0.1256349657922602 3.3184429155554137e-07 -0.3028376172982544 -0.5750792207134225 0.3310867345194085 -1.4202850935342395 -0.31869928818761195 -0.10239200169168906 -0.14781944782538423 1.0138535322212068e-06 -0.01232883357120582 -0.0003734879363406327
-0.024717385207696875 -0.06404126664019091 1.0531280798304317 0.040547606201215926 0.023188394060526783 -0.07513191845276396 0.9960790053212908 -0.17484318590887557 -0.5334950541745613 -0.31253507584249135 0.15111211136551764 -0.029294208740675072 -0.3812079548127427 0.6104741509838459 -0.2693958025676502 -0.05513841203103565 0.024199789746249745 -0.016484446882368477 0.05309624311987073 0.5750531407518161 -0.9400256231693536 -1.420625356260943 0.31130866193021767 0.012745558717650573 -0.12558826448670712 3.283213349962014e-07 -0.3029367847827781 -0.5750783050575766 0.3312000487401092 -1.4202849853132973 -0.3187109175158573 -0.10239560721538424 -0.14775415141382597 1.0146430971930146e-06 -0.012329825690769828 -0.00037732350209142377
-0.024714338484474078 -0.06406755242096092 1.0531573009339648 0.040797141120522476 0.02325829317614799 -0.0751566255734115 0.9960653225101969 -0.17488950749988016 -0.5333873215456093 -0.3124757134210427 0.151147524846326 -0.02997663578666883 -0.3813520613444799 0.6104760656402685 -0.26935362190449624 -0.05496554557340614 0.024097996822648484 -0.016505593916161333 0.0529683416752333 0.5750532783383017 -0.9403314588065051 -1.4206249053355173 0.31130809286221456 0.01271188154767386 -0.1255416110802902 3.2477379917649756e-07 -0.3030353250220594 -0.5750774092633034 0.33131398522635763 -1.4202848943816164 -0.31872253181053445 -0.1023990909446229 -0.1476888789864161 1.0152380653198858e-06 -0.012330790116824959 -0.0003811593856883802
-0.024711441199119496 -0.06409342008500224 1.0531862504527971 0.04104510599759351 0.0233277876186636 -0.07518076993831296 0.9960516881316689 -0.17493530786821793 -0.533278227983788 -0.3124162100877842 0.15118181094690122 -0.030655122249977018 -0.38149548815513884 0.6104779623699106 -0.26931157119176236 -0.054793410907350786 0.02399688221332096 -0.0165261512766328 0.052841124821612524 0.5750534041404252 -0.9406360662048762 -1.420624440948264 0.3113075466418185 0.012678378791778272 -0.1254950067313714 3.2120305530368064e-07 -0.30313323896812266 -0.5750765332390372 0.3314285297056762 -1.420284820610499 -0.3187341306623537 -0.10240245429889337 -0.14762363345703677 1.0156408764928988e-06 -0.012331726984908085 -0.0003849954541951106
-0.024708693452701574 -0.06411887526154593 1.0532149292229167 0.04129149807744802 0.023396877844160772 -0.07520435430856721 0.9960381033809385 -0.1749805932498919 -0.5331677902291615 -0.31235657161692987 0.1512149769152892 -0.03132965168369336 -0.38163823888966314 0.6104798412861419 -0.26926964888105953 -0.05462201891069052 0.02389644206777959 -0.016546121207357673 0.052714587652265464 0.5750535183518833 -0.940939446987951 -1.4206239632345892 0.3113070230981023 0.012645049809235455 -0.1254484525914364 3.1761046681802153e-07 -0.30323052758960245 -0.5750756768910225 0.3315436680703573 -1.4202847638680014 -0.31874571366730037 -0.10240569868222243 -0.1475584177045895 1.0158539793127554e-06 -0.012332636427586353 -0.0003888315768427286
-0.02470609535954237 -0.0641439235347239 1.0532433380942483 0.04153631471958612 0.023465564331974605 -0.07522738143602031 0.9960245694421282 -0.175025369837528 -0.5330560247088286 -0.312296803703965 0.15124702996601042 -0.03200020804178755 -0.38178031722999123 0.6104817025064365 -0.2692278534017145 -0.05445138029442303 0.023796672500717524 -0.0165655058919953 0.05258872530128085 0.5750536211612939 -0.9412416027235235 -1.4206234723344044 0.31130652206184795 0.012611893970714105 -0.12540194980483346 3.139973850594971e-07 -0.3033271918712819 -0.5750748401237405 0.3316593863762489 -1.4202847240187826 -0.3187572804266026 -0.10240882548327823 -0.1474932345732361 1.0158798406093818e-06 -0.012333518574473725 -0.00039266762501962614
-0.024703647047176286 -0.06416857044395871 1.0532714779298384 0.04177955339562698 0.02353384758469374 -0.07524985406317578 0.9960110874881831 -0.17506964378111092 -0.5329429475413232 -0.3122369119652251 0.15127797727992304 -0.03266677567186314 -0.3819217268960121 0.610483546153087 -0.26918618316106674 -0.05428150560524696 0.023697569592886138 -0.016584307455055833 0.05246353294333159 0.5750537127512262 -0.9415425349241177 -1.4206229683924179 0.31130604336557094 0.012578910658397717 -0.1253554995084702 3.103647564777868e-07 -0.3034232328135827 -0.5750740228403771 0.33177567084152854 -1.4202847009239261 -0.3187688305466958 -0.10241183607546134 -0.147428086872651 1.0157209478110111e-06 -0.012334373552286686 -0.00039650347226087383
-0.024701348656300217 -0.06419282148435253 1.0532993496050476 0.04202121168697686 0.02360172812818288 -0.07527177492311796 0.9959976586808048 -0.1751134211887012 -0.532828574541131 -0.3121769019374455 0.15130782600411416 -0.03332933930800446 -0.3820624716465818 0.6104853723539788 -0.2691446365447952 -0.0541124052280599 0.02359912939199748 -0.016602527962760735 0.05233900579344954 0.5750537932970535 -0.9418422450471517 -1.4206224515577444 0.3113055868433664 0.012546099265105951 -0.12530910283384242 3.0671387998365985e-07 -0.30351865143207285 -0.5750732249433808 0.33189250784557495 -1.4202846944407512 -0.31878036363914797 -0.10241473181701141 -0.1473629773782368 1.0153798176689644e-06 -0.012335201484809445 -0.0004003389942679638
-0.02469920034071923 -0.06421668210707522 1.0533269540067394 0.042261287282515235 0.023669206511622607 -0.07529314673944638 0.9959842841703914 -0.1751567081272737 -0.5327129212232062 -0.31211677907735125 0.15133658325181523 -0.03398788406367782 -0.38220255528063124 0.6104871812434712 -0.26910321191729186 -0.053944089388441356 0.023501347913613232 -0.016620169423961228 0.05221513910690993 0.5750538629658638 -0.9421407344950591 -1.420621921984265 0.31130515233094863 0.012513459194494295 -0.125262760906682 3.03046011011772e-07 -0.3036134487569207 -0.57507244633508 0.33200988392787184 -1.4202847044225773 -0.3187918793206316 -0.10241751405107538 -0.14729790883138666 1.014859006620755e-06 -0.012336002492929935 -0.0004041740688964961
-0.02469720226729054 -0.06424015771974957 1.0533542920324765 0.04249977797630758 0.023736283307535994 -0.07531397222620324 0.9959709650959809 -0.17519951062349803 -0.532596002807669 -0.31205654876106875 0.1513642561023048 -0.03464239542470557 -0.3823419816382737 0.6104889729633713 -0.2690619076221009 -0.05377656815511329 0.02340422114198803 -0.01663723379104342 0.05209192817917269 0.5750539219152759 -0.9424380046151632 -1.420621379830953 0.3113047396656796 0.012480989861226269 -0.12521647484669357 2.993623521531492e-07 -0.30370762583228633 -0.5750716869183663 0.33212778578693125 -1.4202847307184685 -0.31880337721286156 -0.102420184105764 -0.14723288393973022 1.0141610965431257e-06 -0.012336776694692212 -0.0004080085761485912
-0.024695354615860643 -0.06426325368683566 1.0533813645897152 0.04273668166534242 0.02380295911183979 -0.07533425408781617 0.9959577025851989 -0.17524183466465723 -0.5324778342245492 -0.3119962162835957 0.1513908516008441 -0.03529285924231414 -0.38248075460201403 0.6104907476640017 -0.26902072198239535 -0.05360985144237927 0.023307745030921062 -0.016653722960930747 0.051969368345905806 0.5750539702922052 -0.9427340566993632 -1.420620825262237 0.31130434868661655 0.012448690691194508 -0.12517024576726882 2.956640481932471e-07 -0.3038011837156828 -0.5750709465974692 0.3322462002793146 -1.420284773172946 -0.3188148569425544 -0.10242274329419404 -0.14716790537739732 1.013288707656158e-06 -0.012337524205342244 -0.00041184239816345185
-0.024693657579198603 -0.06428597533001311 1.053408172595002 0.042971996347294816 0.023869234543896854 -0.07535399501904681 0.9959444977542101 -0.17528368619954432 -0.5323584301187132 -0.31193578685815326 0.1514163767586252 -0.03593926172625842 -0.3826188780979978 0.6104925055053663 -0.26897965330151036 -0.05344394901254051 0.023211915504583843 -0.016669638776119013 0.05184745498308853 0.5750540082315543 -0.9430288919835629 -1.4206202584483498 0.31130397923455216 0.012416561121750961 -0.12512407477525433 2.9195217784613496e-07 -0.3038941234772723 -0.5750702252788185 0.3323651144187248 -1.4202848316256738 -0.3188263181413625 -0.10242519291450966 -0.14710297578527826 1.0122444863181454e-06 -0.012338245137376202 -0.0004156754192105309
-0.024692111362925206 -0.06430832792856232 1.0534347169731721 0.04320572011831485 0.02393511024658139 -0.0753731977049522 0.9959313517076727 -0.17532507113946516 -0.5322378048548972 -0.31187526561552326 0.15144083855274673 -0.03658158943801968 -0.3827563560973366 0.6104942466584182 -0.2689386998635247 -0.05327887047829013 0.023116728458337118 -0.016684983025772107 0.05172618350720506 0.5750540358548535 -0.9433225116468397 -1.4206196795657005 0.31130363115207105 0.012384600601998438 -0.12507796297069132 2.882277446704889e-07 -0.30398644619909315 -0.5750695228719989 0.33248451537519097 -1.4202849059111091 -0.31883776044582507 -0.10242753424988241 -0.14703809777130922 1.0110311167404228e-06 -0.012338939600608407 -0.0004195075256816028
-0.024690716185436296 -0.0643303167197444 1.0534609986565475 0.04343785117084309 0.024000586886357915 -0.07539186482086135 0.9959182655386952 -0.17536599535925673 -0.5321159725229481 -0.3118146576033151 0.15146424392622063 -0.03721982928408418 -0.38289319261750526 0.6104959713064245 -0.2688978599338893 -0.05311462530508337 0.02302217975953617 -0.016699757446892283 0.051605549375539836 0.575054053268848 -0.9436149168103357 -1.4206190887972325 0.31130330428359887 0.012352808593105013 -0.1250319114465831 2.844916666341849e-07 -0.304078152974216 -0.5750688392908178 0.332604390474388 -1.420284995858133 -0.3188491834972976 -0.10242976856848346 -0.1469732739107528 1.009651308475713e-06 -0.012339607702222935 -0.00042333860608516073
-0.024689472277822495 -0.06435194689918045 1.0534870185841354 0.04366838779145209 0.024065665153372717 -0.07540999903236564 0.9959052403287973 -0.17540646469842183 -0.5319929469432289 -0.31175396778520287 0.15148659978800846 -0.03785396850929799 -0.38302939172381456 0.6104976796464319 -0.2688571317601032 -0.05295122281348553 0.022928265248314414 -0.01671396372555374 0.051485548086578244 0.5750540605640494 -0.9439061085358368 -1.4206184863327904 0.31130299847546444 0.012321184568687278 -0.12498592128863198 2.8074476357285694e-07 -0.3041692449058042 -0.5750681744544788 0.3327247271970866 -1.4202851012896505 -0.31886058694188857 -0.10243189712342407 -0.14690850674650438 1.0081078002981247e-06 -0.012340249546839351 -0.0004271685510404193
-0.024688379883787637 -0.06437322362122998 1.053512777700828 0.0438973283587143 0.024130345761544072 -0.0754276029953233 0.9958922771478728 -0.1754464849622873 -0.5318687416722769 -0.3116932010400283 0.1515079130130867 -0.03848399469029737 -0.3831649575309215 0.610499371890832 -0.2688165135724429 -0.05278867218149764 0.022834980738333302 -0.016727603498159604 0.05136617518051382 0.5750540578132505 -0.9441960878239839 -1.4206178723694631 0.3113027135759631 0.012289728015246413 -0.12493999357497512 2.769877424435118e-07 -0.30425972310604976 -0.5750675282888593 0.332845513178732 -1.4202852220221733 -0.3188719704303868 -0.10243392115266142 -0.1468437987894154 1.0064033563289756e-06 -0.012340865236606866 -0.00043099725327264675
-0.024687439259560243 -0.06439415199937072 1.0535382769566028 0.04412467134109737 0.024194629448682455 -0.0754446793558928 0.9958793770541529 -0.17548606192328398 -0.5317433700086925 -0.3116323621609211 0.1515281904425708 -0.03910989572902183 -0.3832998942044521 0.6105010482690119 -0.26877600358471904 -0.05262698244685902 0.022742322017527874 -0.0167406783528248 0.05124742623989087 0.575054045070041 -0.9444848556121574 -1.4206172471119174 0.3113024494354259 0.01225843843266654 -0.12489412937589255 2.732211820515815e-07 -0.30434958869500817 -0.5750669007279265 0.33296673620925343 -1.420285357865389 -0.3188833336181833 -0.10243584187885811 -0.1467791525186314 1.0045407613522726e-06 -0.012341454871275257 -0.0004348246076090246
-0.024686650673802046 -0.06441473710657973 1.0535635173057238 0.04435041529488617 0.024258516976624414 -0.07546123075058907 0.995866541094173 -0.17552520132233734 -0.5316168449993091 -0.31157145585436224 0.15154743888388691 -0.03973165984630564 -0.38343420596269445 0.6105027090290863 -0.2687355999950658 -0.05246616250932827 0.02265028484882033 -0.016753189830832703 0.05112929689038084 0.5750540223673342 -0.9447724127719683 -1.4206166107727003 0.311302205906296 0.012227315334785806 -0.12484832975348747 2.6944551549143883e-07 -0.30443884279929034 -0.5750662917152779 0.33308838423308956 -1.4202855086217254 -0.31889467616518696 -0.10243766050919013 -0.14671457038195573 1.0025228165856698e-06 -0.012342018548270916 -0.0004386505109753888
-0.024686014407518934 -0.06443498397571641 1.053588499705947 0.044574558862131526 0.024322009131356917 -0.07547725980636456 0.9958537703027402 -0.17556390887028703 -0.5314891794457199 -0.31151048673906195 0.15156566511099306 -0.04034927557554072 -0.38356789707830113 0.6105043544397052 -0.2686953009867706 -0.05230622113294503 0.022558864970785814 -0.01676513942808881 0.05101178280168427 0.5750539897159112 -0.945058760106272 -1.420615963572486 0.3113019828432082 0.012196358250043298 -0.1248025957613411 2.65661009817283e-07 -0.30452748655056294 -0.5750657012057825 0.33321044534940397 -1.4202856740859242 -0.31890599773573014 -0.10243937823509949 -0.14665005479624468 1.0003523346843714e-06 -0.012342556362832761 -0.00044247486239395404
-0.02468553075396297 -0.06445489759991091 1.0536132251177273 0.04479710076862706 0.024385106723190865 -0.07549276914073129 0.9958410657029003 -0.17560219024954526 -0.5313603859111206 -0.3114494593449479 0.15158287586468455 -0.040962731756425945 -0.38370097188013713 0.610505984791906 -0.2686551047290943 -0.052147166948270665 0.02246805809830487 -0.01677652859676911 0.05089487968861088 0.5750539471030502 -0.9453438983458098 -1.4206153057402768 0.31130178010308074 0.012165566722208908 -0.12475692844411784 2.618677455148103e-07 -0.3046155210839093 -0.5750651291673873 0.33333290781267916 -1.4202858540446353 -0.31891729799847096 -0.1024409962319779 -0.14658560814782814 9.980321321354936e-07 -0.012343068408081524 -0.00044629756298168364
-0.024685200018539827 -0.06447448293295754 1.0536376945034327 0.04501803982191198 0.02444781058691725 -0.07550776136192082 0.9958284283059056 -0.17564005111575232 -0.5312304767276123 -0.31138837811190995 0.15159907785297558 -0.041572017528782354 -0.3838334347551039 0.6105076004010052 -0.26861500937811145 -0.051989008454613496 0.022377859923161776 -0.01678735874694233 0.050778583312300674 0.575053894491232 -0.9456278281452952 -1.4206146375135096 0.31130159754520864 0.012134940311198812 -0.12471132883713859 2.5806559153784774e-07 -0.3047029475359451 -0.5750645755830095 0.3334557600335561 -1.4202860482760544 -0.3189285766262793 -0.1024425156587722 -0.14652123279297322 9.955650218376242e-07 -0.012343554775173066 -0.0004501185159495997
-0.024685022518710235 -0.06449374488971729 1.0536619088265666 0.04523737490930204 0.024510121582006515 -0.075522239069093 0.9958158591111819 -0.17567749709970035 -0.5310994640039257 -0.3113272473886264 0.1516142777515803 -0.04217712232645001 -0.3839652901500754 0.6105092016084891 -0.2685750130775153 -0.051831754022237275 0.022288266114606967 -0.016797631248369964 0.05066288948164189 0.5750538318169968 -0.9459105500790524 -1.4206139591380693 0.3113014350313697 0.012104478593984922 -0.12466579796589392 2.5425418042043186e-07 -0.3047897670427378 -0.5750640404525779 0.333578990580125 -1.4202862565496281 -0.31893983329611875 -0.10244393765750379 -0.14645693105838373 9.929538024727145e-07 -0.012344015553403033 -0.0004539376266030895
-0.02468499858389494 -0.0645126883465306 1.0536858690509996 0.04545510499594688 0.02457204059280811 -0.07553620485260074 0.995803359106294 -0.17571453380934698 -0.5309673596336937 -0.3112660714312309 0.15162848220450667 -0.04277803587125091 -0.3840965425738287 0.6105107887838803 -0.2685351139593944 -0.051675411894558224 0.022199272319866552 -0.016807347432342697 0.05054779405486517 0.5750537589899735 -0.9461920646360823 -1.420613270868166 0.31130129242593557 0.012074181165601555 -0.12462033684550905 2.5043287957916726e-07 -0.3048759807374539 -0.5750635237951621 0.33370258817960663 -1.4202864786258536 -0.318951067688912 -0.10244526335268656 -0.14639270524174947 9.902012468034806e-07 -0.012344450830357323 -0.0004577548023430226
-0.024685128555380614 -0.06453131814164427 1.0537095761402178 0.04567122912291399 0.024633568528767455 -0.075549661294321 0.9957909292669089 -0.17575116683201 -0.5308341753043114 -0.31120485440191215 0.15164169782478457 -0.04337474816701977 -0.38422719659899357 0.6105123623265345 -0.2684953101449445 -0.05151999019033292 0.022110874164600256 -0.01681650859361289 0.05043329294134016 0.5750536758921427 -0.9464723722145675 -1.4206125729660477 0.3113011695959915 0.012044047640254022 -0.12457494648014757 2.466007608323908e-07 -0.3049615897477298 -0.5750630256511953 0.33382654172052856 -1.4202867142562101 -0.3189622794893951 -0.10244649385063358 -0.14632855761234675 9.873100870172773e-07 -0.012344860692072107 -0.0004615699526675863
-0.024685412786225106 -0.06454963907565593 1.053733031056589 0.04588574640530042 0.024694706324673323 -0.0755626109680569 0.9957785705567562 -0.1757874017368616 -0.5306999225064344 -0.3111436003675297 0.15165393119533754 -0.043967249493703814 -0.3843572568640326 0.610513922667319 -0.2684555997450808 -0.05136549690583987 0.0220230672532918 -0.01682511599246884 0.050319382103601526 0.5750535823773979 -0.9467514731158216 -1.42061186570152 0.31130106641146577 0.012014077652533602 -0.12452962786234571 2.427565683625406e-07 -0.305046595192752 -0.5750625460847824 0.3339508402554927 -1.4202869631832704 -0.3189734683859591 -0.10244763023863597 -0.146264490411694 9.842829970579405e-07 -0.012345245223178362 -0.00046538298917535835
-0.02468585164116977 -0.06456765591197978 1.053756234760656 0.046098656030369174 0.02475545494090049 -0.07557505644003486 0.9957662839275832 -0.17582324407751973 -0.530564612544263 -0.31108231329802694 0.15166518887004682 -0.044555530401514776 -0.38448672807514156 0.6105154702701183 -0.26841598086093343 -0.05121193991706169 0.02193584716958633 -0.016833170856836773 0.05020605755958838 0.5750534782714559 -0.9470293675375837 -1.4206111493512172 0.31130098274526485 0.011984270858741904 -0.12448438197228473 2.38898682893968e-07 -0.30513099817998773 -0.5750620851860244 0.3340754730045192 -1.4202872251410343 -0.3189846340704726 -0.1024486735840003 -0.14620050585427322 9.811225717789047e-07 -0.012345604507099412 -0.000469193825568231
-0.02468644549655279 -0.06458537337733875 1.0537791882104588 0.04630995725571294 0.024815815363683182 -0.07558700026949754 0.9957540703191068 -0.17585869939501503 -0.5304282565466403 -0.3110209970648705 0.15167547737500886 -0.04513958170514101 -0.38461561500812635 0.6105170056330952 -0.2683764515841675 -0.05105932698187033 0.02184920947654774 -0.016840674384531712 0.05009331538514842 0.5750533633722074 -0.9473060555667197 -1.42061042419759 0.31130091847341856 0.011954626938328002 -0.12443920977698342 2.3502508515807344e-07 -0.3052147998015766 -0.5750616430733648 0.33420042935913435 -1.4202874998555552 -0.3189957762380925 -0.10244962493293013 -0.1461366061283163 9.778313011252217e-07 -0.01234593862623056 -0.0004730023776554186
-0.02468719474022907 -0.06460279616228827 1.0538018923608996 0.0465196494074428 0.02487578860539394 -0.07559844500942223 0.9957419306589563 -0.17589377322096716 -0.5302908654791252 -0.31095965543934445 0.15168480321004627 -0.0457193944780048 -0.38474392251016004 0.6105185292896269 -0.26833700999709353 -0.05090766574222302 0.02176314971685677 -0.0168476277455762 0.049981151716804444 0.5750532374505793 -0.9475815371712639 -1.4206096905275487 0.3113008734752311 0.01192514559543772 -0.1243941122294177 2.3113331648091703e-07 -0.30529800113033867 -0.5750612198958773 0.33432569888722835 -1.4202877870459227 -0.31900689458705506 -0.10245048530923147 -0.14607279339666535 9.74411539562268e-07 -0.012346247662152601 -0.0004768085633567274
-0.024688099771494124 -0.06461992892177768 1.0538243481631537 0.046727731878403206 0.02493537570484339 -0.07560939320737124 0.9957298658626101 -0.17592847108116058 -0.5301524501571324 -0.3108982920908176 0.1516931728504858 -0.04629496004656603 -0.3848716555014155 0.6105200418088247 -0.2682976541725066 -0.05075696372637354 0.021677663412925142 -0.01685403208464321 0.049869562754823564 0.5750531002520084 -0.9478558121918313 -1.4206089486307045 0.3113008476334391 0.01189582656057578 -0.12434909026756098 2.2722043772482236e-07 -0.30538060321539445 -0.5750608158354596 0.33445127133881525 -1.4202880864256895 -0.31901798881845067 -0.10245125571282447 -0.14600906979770636 9.708654687195998e-07 -0.012346531695844296 -0.00048061230270595416
-0.02468916100101423 -0.06463677627575552 1.053846556564142 0.046934204126413026 0.024994577727591578 -0.07561984740649937 0.9957178768333214 -0.17596279849952348 -0.5300130212602935 -0.3108369105849357 0.15170059274925385 -0.04686626998466343 -0.3849988189765031 0.6105215437955278 -0.2682583821731977 -0.05060722835110634 0.02159274606693205 -0.01685988852359557 0.049758544766608424 0.5750529514986199 -0.9481288803323793 -1.4206081987971426 0.31130084083437526 0.01186666959238103 -0.12430414481334615 2.2328298655247306e-07 -0.3054626070773741 -0.5750604311088485 0.33457713665277883 -1.4202883977048324 -0.31902905863598147 -0.10245193711804414 -0.1459454374463806 9.671950530581628e-07 -0.012346790807906762 -0.0004844135178532532
-0.02469037885076576 -0.06465334280982711 1.053868518506075 0.04713906567253064 0.025053395766254732 -0.07562981014675903 0.9957059644620321 -0.17599676100241465 -0.5298725893482413 -0.3107755143816247 0.1517070693393711 -0.04743331610788065 -0.3851254180056187 0.6105230358896502 -0.26821919205107136 -0.05045846692400184 0.02150839316082065 -0.016865198164073614 0.04964809409042435 0.5750527908922205 -0.9484007411502994 -1.4206074413146492 0.3113008529681347 0.011837674479511293 -0.12425927677155375 2.1931693272767989e-07 -0.3055440137031992 -0.5750600659693509 0.3347032849646826 -1.4202887205923564 -0.31904010374569897 -0.10245253047171242 -0.14588189843527474 9.634019866601118e-07 -0.012347025078822849 -0.00048821213306450394
-0.024691753753978928 -0.06466963307597119 1.0538902349260846 0.0473423160993471 0.025111830940829524 -0.07563928396630555 0.9956941296272732 -0.17603036412355394 -0.5297311648779528 -0.3107141068330974 0.1517126090368518 -0.04799609046794387 -0.3852514577353894 0.6105245187647369 -0.26818008184578396 -0.05031068664573789 0.02142460015620756 -0.01686996209021041 0.04953820713952978 0.5750526181182263 -0.9486713940459064 -1.420606676465318 0.3113008839287447 0.011808841042632742 -0.12421448702862702 2.153176329590417e-07 -0.305624824040452 -0.575059720708217 0.3348297066158184 -1.4202890547996616 -0.3190511238557279 -0.10245303669096044 -0.1458184548357825 9.594876286633192e-07 -0.012347234589203513 -0.0004920080747186938
-0.02469328615509015 -0.06468565159332579 1.053911706755958 0.047543955049304774 0.025169884399006307 -0.07564827140316514 0.9956823731950483 -0.1760636134093826 -0.5295887582229397 -0.3106526911816525 0.15171721824413398 -0.04855458534713401 -0.38537694338927503 0.610525993125572 -0.26814104958282153 -0.05016389461243744 0.021341362494282055 -0.016874181371385605 0.04942888040672338 0.5750524328506473 -0.9489408382512989 -1.4206059045214452 0.31130093361433253 0.011780169136506733 -0.12416977645142387 2.1127978473663047e-07 -0.3057050389913254 -0.5750593956554957 0.3349563921635638 -1.4202894000448034 -0.319062118675974 -0.1024534566607831 -0.14575510869933606 9.554529265914178e-07 -0.0123474194200692 -0.0004958012712993438
-0.024694976509698693 -0.06470140284905156 1.0539329349219957 0.04774398222304601 0.025227557316483577 -0.0756567749971798 0.9956706960186963 -0.17609651442516733 -0.5294453796945136 -0.3105912705574058 0.15172090335406907 -0.049108793252720453 -0.3855018802674693 0.6105274597046579 -0.268102093270916 -0.050018097818067486 0.0212586755956662 -0.016877857065067465 0.04932011046938026 0.5750522347582631 -0.9492090728186642 -1.420605125740623 0.3113010019272899 0.011751658652163505 -0.12412514588591737 2.0719738031302664e-07 -0.30578465940618443 -0.5750590911802488 0.3350833323932215 -1.4202897560577938 -0.31907308791781935 -0.1024537912313061 -0.14569186205869095 9.512983237918109e-07 -0.012347579653127792 -0.0004995916533802068
-0.024696825284527636 -0.06471689129928261 1.0539539203450103 0.04794239737779355 0.025284850897269156 -0.0756647972922813 0.9956590989387334 -0.1761290727618849 -0.5293010395654546 -0.31052984797588395 0.151723670754576 -0.04965870691141239 -0.3856262737461693 0.6105289192573664 -0.2680632108986945 -0.049873303156896226 0.021176534860283848 -0.016880990219702716 0.04921189399502803 0.5750520235121253 -0.9494760966080585 -1.4206043403599304 0.3113010887744294 0.01172330951915108 -0.12408059615586281 2.0306366098977688e-07 -0.305863686076766 -0.5750588076899384 0.33521051833146154 -1.4202901225870983 -0.3190840312938096 -0.10245404121474903 -0.14562871692924864 9.470236491281454e-07 -0.012347715371062782 -0.0005033791536022018
-0.024698832957388617 -0.06473212137017612 1.0539746639404972 0.048139200325763916 0.025341766373947965 -0.07567234083916811 0.9956475827826656 -0.17616129404383685 -0.529155748096496 -0.3104684263353516 0.15172552683410856 -0.05020431926382449 -0.3857501292760576 0.6105303725555338 -0.268024400430444 -0.04972951742601502 0.0210949356673336 -0.016883581877597476 0.049104227747514155 0.5750517987945332 -0.9497419082747016 -1.4206035485891297 0.3113011940671277 0.011695121707844317 -0.12403612806145554 1.9887107233954595e-07 -0.305942119729066 -0.5750585456287718 0.3353379412614917 -1.4202904994074896 -0.319094948517336 -0.10245420738207221 -0.1455656753103911 9.426279850865324e-07 -0.012347826657847267 -0.0005071637066367785
-0.02470100001714409 -0.06474709745906959 1.053995166618997 0.048334390932622 0.025398305007921146 -0.07567940819841563 0.9956361483647701 -0.17619318393738193 -0.5290095155660263 -0.31040700841399727 0.15172647798799788 -0.050745623458974876 -0.38587345237988524 0.6105318203792561 -0.26798565980086025 -0.04958674732792597 0.021013873375364586 -0.016885633077818363 0.04899710859386922 0.5750515603096267 -0.950006506255891 -1.420602750602761 0.31130131772144987 0.01166709523179372 -0.12399174237800757 1.9461122205935415e-07 -0.3060199610159882 -0.5750583054747931 0.3354655927401421 -1.4202908863294306 -0.31910583930232395 -0.102454290459294 -0.14550273918678983 9.381095103076544e-07 -0.012347913599054872 -0.000510945249134421
-0.024703326963663973 -0.06476182393575654 1.0540154292866857 0.048527969115982936 0.025454468089592862 -0.07568600194410531 0.9956247964858403 -0.17622474816081846 -0.5288623523035794 -0.3103455968668548 0.15172653062584063 -0.05128261284882613 -0.38599624864896215 0.6105332635066089 -0.2679469869086427 -0.049444999473196014 0.0209333433225717 -0.01688714485905005 0.04889053351194682 0.5750513077957444 -0.9502698887576079 -1.420601946531043 0.311301459658247 0.011639230150089589 -0.12394743985468795 1.90274840244372e-07 -0.3060972105098441 -0.5750580877354463 0.33559346461700035 -1.4202912832101495 -0.31911670336293196 -0.1024542911234697 -0.14543991052964034 9.334653114444188e-07 -0.012347976282182782 -0.0005147237196520746
-0.02470581430777046 -0.06477630514388978 1.0540354528462224 0.048719934843970615 0.025510256938488456 -0.07569212466805206 0.995613527932886 -0.17625599249565121 -0.5287142687277506 -0.3102841942224373 0.15172569118009357 -0.0518152809828948 -0.38611852373836514 0.6105347027009925 -0.26790837960878383 -0.04930428038317275 0.020853340827417566 -0.01688811826237299 0.04878449959894927 0.5750510410396935 -0.95053205374092 -1.420601136449494 0.3113016198032182 0.011611526569715034 -0.12390322121337428 1.8585174395992977e-07 -0.3061738686948207 -0.5750578929413115 0.3357215490557589 -1.420291689966568 -0.3191275404132769 -0.10245420999833242 -0.14537719129775914 9.286911597828246e-07 -0.012348014796983369 -0.0005184990585540835
-0.024708462571163745 -0.0647905454025211 1.0540552381978963 0.048910288133844966 0.025565672903278245 -0.0756977789847351 0.9956023434787832 -0.17628692279940825 -0.5285652753893352 -0.31022280287899084 0.1517239661160846 -0.052343621602964435 -0.3862402833606334 0.6105361386957792 -0.2678698357033905 -0.049164596492752 0.02077386118974634 -0.016888554333897885 0.048679004080955886 0.5750507598930734 -0.9507929989082949 -1.4206003203671969 0.3113017980869245 0.011583984647852713 -0.12385908714768319 1.81330806563827e-07 -0.30624993595956257 -0.5750577216376718 0.33584983855792633 -1.420292106590212 -0.3191383501671975 -0.10245404764960077 -0.14531458343845888 9.237812452938644e-07 -0.012348029235810281 -0.0005222712078784561
-0.024711272286318094 -0.06480454900778287 1.05407478624111 0.04909902905071583 0.02562071736168325 -0.07570296753703559 0.9955912438818635 -0.17631754502034325 -0.5284153830206236 -0.3101614251003425 0.15172136194364783 -0.05286762863795789 -0.3863615332777102 0.6105375721759088 -0.26783135293086796 -0.04902595415317789 0.020694899692556563 -0.016888454127206746 0.048574044323599075 0.5750504642907871 -0.9510527216899682 -1.4205994982136674 0.31130199444474205 0.011556604594105905 -0.12381503832225822 1.7669993332606746e-07 -0.3063254125900431 -0.5750575743735434 0.33597832598906513 -1.4202925331642104 -0.31914913233807574 -0.10245380457996793 -0.145252088888096 9.187278606856385e-07 -0.012348019693974898 -0.0005260401111602193
-0.02471424399633606 -0.06481832023471505 1.0540940978762476 0.04928615770636541 0.02567539172022946 -0.07570769300291139 0.9955802298854337 -0.1763478652143416 -0.5282646025920072 -0.31010006301126786 0.15171788523064245 -0.05338729619904291 -0.38648227929084916 0.6105390037560601 -0.26779292895328627 -0.04888835963484636 0.02061645160466751 -0.016887818705524398 0.048469617844042995 0.5750501542718632 -0.9513112192305215 -1.4205986698243052 0.3113022088167376 0.011529386672587362 -0.12377107537241125 1.7194604465259002e-07 -0.3064002987629335 -0.575057451687756 0.336107004607705 -1.4202929698824232 -0.3191598866387397 -0.10245348122379892 -0.1451897095721586 9.135210274413091e-07 -0.012347986270119234 -0.0005298057132008326
-0.024717378254746465 -0.06483186333923717 1.0541131740069765 0.04947167425820639 0.02572969741380409 -0.07571195810317453 0.9955693022172123 -0.17637788956427264 -0.5281129453773219 -0.31003871859222254 0.15171354261868722 -0.053902618575068714 -0.3866025272281529 0.610540433954997 -0.2677545613417459 -0.0487518191300695 0.020538512184604365 -0.016886649143511942 0.048365722324425466 0.5750498300026977 -0.9515684883758349 -1.4205978349244668 0.31130244114744443 0.011502331203819504 -0.12372719890423971 1.670550672034719e-07 -0.3064745945397119 -0.575057354091624 0.3362358680970588 -1.4202934170706636 -0.319170612781471 -0.10245307794157496 -0.14512744740472852 9.081480519629187e-07 -0.012347929066618291 -0.0005335679597686529
-0.024720675625225407 -0.06484518256025515 1.0541320155430356 0.049655578908419415 0.025783635904983934 -0.0757157656104802 0.9955584615886742 -0.1764076244027421 -0.5279604230295487 -0.30997739367361554 0.15170834084132487 -0.05441359022848526 -0.38672228292943706 0.6105418631656795 -0.2677162475595604 -0.04861633875573617 0.02046107668591486 -0.01688494652863922 0.048262355626988884 0.575049491802792 -0.9518245256606416 -1.420596993112251 0.3113026913855158 0.011475438566382588 -0.1236834094953581 1.620119355330364e-07 -0.3065482998617716 -0.575057282047755 0.336364910599687 -1.4202938752098706 -0.3191813104781575 -0.1024525950141439 -0.1450653042871145 9.025930025799954e-07 -0.012347848189996135 -0.0005373267972202174
-0.024724136681223263 -0.06485828212189354 1.0541506234035711 0.049837871903306526 0.025837208683046505 -0.0757191183598434 0.9955477086942777 -0.1764370762379947 -0.5278070476690917 -0.3099160899291303 0.15170228674524988 -0.05492020579189923 -0.3868415522279531 0.6105432916206931 -0.26767798494305634 -0.04848192455578946 0.020384140364615246 -0.01688271196190749 0.04815951581102888 0.575049140173076 -0.9520793272968491 -1.4205961438402088 0.31130295948322256 0.011448709198232845 -0.12363970769641851 1.56800603299247e-07 -0.3066214145468511 -0.5750572359444232 0.3364941267551457 -1.4202943449609207 -0.3191919794406192 -0.10245203263685904 -0.1450032821054088 8.968360923374018e-07 -0.012347743751410113 -0.0005410821720131047
-0.024727762005469008 -0.06487116623582412 1.0541689985210807 0.05001855353292933 0.025890417262614967 -0.07572201926083914 0.9955370442105619 -0.1764662517841824 -0.5276528319870906 -0.30985480886831873 0.1516953873149056 -0.05542246006552231 -0.3869603409285848 0.6105447193525662 -0.2676397706798177 -0.048348582503402474 0.02030769848913164 -0.016879946557851255 0.04805720115190596 0.5750487758268411 -0.9523328891629077 -1.4205952863962676 0.311303245395758 0.011422143597598624 -0.1235960940336208 1.514040663555196e-07 -0.30669393828709635 -0.5750572160649996 0.3366235117406972 -1.4202948271905855 -0.3192026193811611 -0.10245139091371369 -0.14494138272666668 8.908529528358021e-07 -0.012347615867192348 -0.00054483403009368
-0.024731552189323283 -0.06488383910365292 1.0541871418460338 0.05019762413110767 0.025943263181842396 -0.07572447131178314 0.9955264687950897 -0.1764951579965218 -0.527497789366954 -0.3097935518282874 0.1516876497010405 -0.05592034801581312 -0.3870786547820121 0.6105461461485322 -0.2676016017842056 -0.048216318502701354 0.020231746353452398 -0.016876651443621143 0.04795541016229454 0.5750483997233029 -0.9525852067944914 -1.420594419884337 0.31130354908030394 0.01139574232334541 -0.12355256901244926 1.4580439702996142e-07 -0.30676587064910166 -0.5750572225518601 0.33675306131504884 -1.420295322997866 -0.3192132300134015 -0.10245066985161028 -0.1448796079933548 8.846137818244988e-07 -0.012347464659484952 -0.0005485823161284524
-0.024735507831945332 -0.06489630491930727 1.0542050543522385 0.05037508407588137 0.02599574800004139 -0.07572647761617275 0.9955159830852107 -0.1765238021124865 -0.5273419340279295 -0.3097323199645783 0.15167908125377708 -0.056413864775719906 -0.3871964994543297 0.6105475714993193 -0.2675634750700093 -0.048085138389832895 0.02015627929421472 -0.01687282775697885 0.04785414161585615 0.5750480131037712 -0.9528362753768183 -1.4205935432052403 0.31130387049480074 0.011369505994676947 -0.1235091331229127 1.3998279013780485e-07 -0.306837211076265 -0.5750572553642083 0.3368827718650192 -1.4202958337396032 -0.31922381105344216 -0.10244986935494695 -0.14481795971564626 8.780823467289158e-07 -0.01234729025699532 -0.0005523269725479128
-0.024739629539237976 -0.06490856787134867 1.054222737043031 0.05055093379055261 0.02604787329461312 -0.0757280414018636 0.9955055876966078 -0.17655219169924902 -0.5271852811956131 -0.30967111424086863 0.15166968956113402 -0.056903005647014594 -0.3873138804914818 0.6105489945415573 -0.2675253871200986 -0.0479550479331196 0.020081292712938435 -0.01686847664289797 0.04775339457339599 0.57504761753042 -0.9530860897389414 -1.4205926550388979 0.3113042095963505 0.011343435290007942 -0.12346578684661005 1.3391961827568597e-07 -0.3069079588938209 -0.575057314229198 0.3370126404548713 -1.420296361053834 -0.31923436222143925 -0.10244898922075314 -0.14475643966106705 8.712148203867022e-07 -0.012347092795941495 -0.0005560679383512467
-0.024743917922522736 -0.06492063214509354 1.054240190958361 0.05072517374548842 0.026099640657164216 -0.07572916604321367 0.9954952832216013 -0.17658033470973342 -0.5270278473051051 -0.30960993541815734 0.15165948249345204 -0.05738776610541916 -0.38743080327796026 0.6105504139934946 -0.2674873342530398 -0.047826052831954485 0.020006782104144798 -0.016863599248633072 0.04765316841164459 0.5750472149275584 -0.9533346443505103 -1.4205917538289359 0.3113045663391662 0.011317530944808184 -0.12342253066598759 1.2759449639931044e-07 -0.30697811331679653 -0.5750573985858696 0.33714266487794964 -1.4202969068788505 -0.31924488324366523 -0.10244802913466326 -0.14469504954092838 8.639584291942446e-07 -0.012346872421206466 -0.0005598051476370753
-0.024748373596899968 -0.0649325019244019 1.0542574171828545 0.050897804460880755 0.026151051688613963 -0.07572985508679769 0.9954850702271602 -0.17660823954767976 -0.526869650244269 -0.30954878404319675 0.15164846825491052 -0.05786814180934826 -0.3875472729890288 0.6105518280837584 -0.26744931248665715 -0.04769815871400315 0.01993274309101056 -0.016858196716878448 0.047553462854522284 0.5750468076253777 -0.9535819333215027 -1.420590837771353 0.31130494067196024 0.011291793748165727 -0.12337936507620555 1.2098635062718684e-07 -0.30704767346115774 -0.5750575075213364 0.33727284370995 -1.4202974734652576 -0.31925537385513886 -0.10244698866809718 -0.144633790992896 8.562498880222569e-07 -0.012346629287802056 -0.0005635385277880853
-0.024752997179239348 -0.06494418139293763 1.0542744168549294 0.05106882651073825 0.026202107993102533 -0.07573011228116751 0.9954749492525744 -0.17663591514354515 -0.5267107096461153 -0.30948766043671466 0.15163665544306348 -0.05834412861337517 -0.3876632945357884 0.6105532344730521 -0.2674113174986418 -0.047571371130147484 0.019859171470029382 -0.016852270176736683 0.04745427800667153 0.5750463984061186 -0.9538279504056347 -1.4205899048093285 0.3113053325346373 0.011266224537748705 -0.12333629060008545 1.140734869547837e-07 -0.3071166383582605 -0.5750576396987943 0.33740317636287237 -1.42029806337755 -0.31926583380292023 -0.10244586727710842 -0.144572665558972 8.48013597294323e-07 -0.01234636356271481 -0.0005672679972408405
-0.024757789285742585 -0.06495567473464427 1.0542911911770354 0.05123824052846016 0.026252811170465882 -0.07572994161121412 0.9954649208067342 -0.17666337104290059 -0.5265510472416296 -0.3094265646820447 0.15162405311747168 -0.058815722587832665 -0.38777887250234644 0.6105546301688691 -0.2673733445844406 -0.04744569554644872 0.019786063266456797 -0.016845820732150907 0.047355614388774656 0.5750459905526472 -0.9540726890083442 -1.4205889526368494 0.31130574185412907 0.011240824192764017 -0.12329330780665358 1.068336526302989e-07 -0.3071850069725831 -0.5750577932770021 0.3375336631382525 -1.4202986794808037 -0.3192762628501707 -0.10244466430347456 -0.14451167465810102 8.391595789739938e-07 -0.012346075427235412 -0.0005709934627533121
-0.024762750529013566 -0.06496698613309751 1.0543077414270878 0.05140604721445779 0.026303162807033688 -0.07572934733760515 0.9954549853649597 -0.17669061751003745 -0.5263906872870281 -0.3093654966155775 0.15161067087833266 -0.059282920046394176 -0.3878940110744158 0.6105560114335896 -0.2673353886128516 -0.047321137332199635 0.01971341480228962 -0.016838849447515663 0.04725747297390343 0.5750455878994772 -0.95431614220056 -1.4205879787145488 0.3113061685391625 0.011215593624388516 -0.12325041733385912 9.924408015947546e-08 -0.30725277822248 -0.5750579658210481 0.33766430527767705 -1.420299324907002 -0.31928666078108725 -0.1024433789787483 -0.14445081955256084 8.29581130198594e-07 -0.012345765079866886 -0.0005747148160760063
-0.02476788151457325 -0.06497811976931721 1.054324068971145 0.051572247346391036 0.02635316446441078 -0.07572833404218199 0.9954451433652937 -0.1767176656468893 -0.5262296570834232 -0.30930445581968885 0.15159651895682116 -0.059745717583928305 -0.38800871395857006 0.6105573736866405 -0.2672974439799191 -0.04719770174289494 0.019641222779647652 -0.016831357329960488 0.04715985522348877 0.5750451948865055 -0.9545583027397951 -1.42058698030213 0.31130661247371383 0.01119053376300985 -0.12320761991605592 9.128150025247527e-08 -0.3073199510035694 -0.5750581542042471 0.33779510500771665 -1.4203000029942379 -0.3192970274068024 -0.10244201043217759 -0.1443901013072812 8.191521784156458e-07 -0.012345432739969837 -0.0005784319298745718
-0.024773182836741618 -0.06498907981745765 1.0543401752773647 0.05173684179284008 0.026402817665981425 -0.0757269066794088 0.995435395204213 -0.1767445275324551 -0.5260679876106538 -0.3092434416218298 0.15158160831723688 -0.06020411212776347 -0.3881229842917438 0.610558711402028 -0.26725950456218694 -0.047075393896586416 0.019569484380886588 -0.016823345308207047 0.047062763121262806 0.5750448166157023 -0.9547991631008154 -1.420585954512632 0.31130707350882714 0.011165645541404663 -0.1231649164169038 8.292210751168519e-08 -0.3073865242138074 -0.5750583545014483 0.33792606557536503 -1.4203007171907207 -0.31930736257236625 -0.10244055770361397 -0.14432952074128094 8.077243338298446e-07 -0.01234507865221355 -0.000582144652792094
-0.024778655073817085 -0.06499987043767995 1.0543560619312395 0.0518998315313996 0.026452123880728446 -0.07572507063474197 0.9954257412316472 -0.17677121638200255 -0.5259057143037484 -0.30918245310178233 0.15156595077259305 -0.0606581010062335 -0.38823682454047526 0.6105600180031243 -0.26722156367063776 -0.046954218741701415 0.019498197388818684 -0.01681481420751596 0.04696619920229656 0.5750444589114991 -0.9550387155187492 -1.420584898395289 0.3113075514524182 0.01114092987274544 -0.12312230786829348 7.41414553756758e-08 -0.30745249677922026 -0.5750585618739924 0.33805719126846745 -1.4203014709139585 -0.3193176661648745 -0.10243901976283695 -0.1442690783705314 7.951236475918462e-07 -0.012344703091993469 -0.0005858528034276263
-0.02478429878246796 -0.06501049576526237 1.0543717306520728 0.05206121767258977 0.026501084504065298 -0.07572283178973005 0.9954161817452537 -0.1767977467306022 -0.5257428780070997 -0.3091214891129794 0.15154955911311246 -0.06110768203973903 -0.3883502363899872 0.6105612857576785 -0.26718361400739454 -0.04683418101382037 0.01942736032841541 -0.016805764720758495 0.04687016657363144 0.5750441283857082 -0.9552769520487249 -1.4205838090550118 0.3113080460565837 0.011116387621993627 -0.12307979551589415 6.491425430676089e-08 -0.30751786767857403 -0.5750587704470936 0.33818848741364266 -1.4203022673540509 -0.3193279381228159 -0.10243739553706624 -0.14420877434182217 7.811471152058593e-07 -0.012344306371854026 -0.0005895561630427359
-0.024790114491250174 -0.06502095989476679 1.0543871833105847 0.05222100149138047 0.026549700835316166 -0.07572019659377506 0.9954067169838631 -0.17682413464140506 -0.525579526151646 -0.3090605483240132 0.1515324472472948 -0.06155285366104693 -0.38846322062353417 0.6105625056772486 -0.26714564762796766 -0.04671528517821961 0.019356972632119464 -0.016796197375569102 0.04677466892142443 0.5750438325083412 -0.9555138646474572 -1.4205826838183477 0.3113085570018421 0.011092019568836414 -0.12303738087178397 5.5214038409006984e-08 -0.30758263596501234 -0.5750589731805834 0.33831996034140993 -1.4203031092085994 -0.31933817844663615 -0.10243568394889595 -0.14414860835763837 7.655589959619835e-07 -0.012343888848949257 -0.0005932544667089808
-0.024796102693148945 -0.06503126685771748 1.0544024219474606 0.05237918446877059 0.02659797405158128 -0.07571717214140428 0.9953973471200568 -0.1768503979406765 -0.5254157142124664 -0.30899962929017816 0.1515146303529768 -0.061993615073748544 -0.3885757769933375 0.6105636674270903 -0.2671076559129997 -0.04659753535404243 0.019287034829064333 -0.016786112498021536 0.046679710498075365 0.5750435796860016 -0.955749445284187 -1.4205815204575398 0.3113090838776107 0.011067826359821025 -0.1229950657744171 4.5012661167084087e-08 -0.3076468007821576 -0.5750591617344719 0.3384516173046055 -1.420303998335729 -0.319348387210461 -0.10243388396743686 -0.144088579592792 7.480870807756034e-07 -0.012343450933428177 -0.0005969473925851348
-0.024802263837021207 -0.06504142059180416 1.0544174487925226 0.05253576834669612 0.026645905177823146 -0.07571376625281981 0.995388072251868 -0.17687655647965453 -0.5252515075205729 -0.3089387305681998 0.151496125033545 -0.062429966460636414 -0.3886879040855457 0.6105647592549476 -0.2670696295549554 -0.046480935214746895 0.01921754875683991 -0.016775510173714574 0.04658529608076943 0.5750433793498804 -0.9559836860908743 -1.4205803174862501 0.31130962615810004 0.01104380844673924 -0.12295285245579735 3.4279573805836454e-08 -0.307710361371896 -0.57505932633129 0.33858346633136277 -1.4203049353113615 -0.31935856457480466 -0.10243199467613089 -0.1440286866046641 7.284191209284633e-07 -0.01234299309745928 -0.0006006345489362102
-0.02480859831777793 -0.06505142489904095 1.0544322662840446 0.052690755200678036 0.026693495053175604 -0.07570998755380762 0.9953788923936606 -0.1769026324199092 -0.5250869835242792 -0.30887785089155034 0.15147694947095483 -0.06286190925757854 -0.3887995991832272 0.6105657679504561 -0.2670315585672617 -0.04636548785787802 0.019148517791639376 -0.01676439020779516 0.046491430890413014 0.575043242055513 -0.9562165795647597 -1.4205790745422964 0.3113101831726985 0.011019966007636254 -0.12291074361507141 2.2980835654710017e-08 -0.3077733170710359 -0.5750594556179034 0.33871551598769767 -1.4203059188778002 -0.31936871079990986 -0.10243001536149307 -0.14396892724059024 7.06199748331556e-07 -0.01234251588433398 -0.000604315458408491
-0.024815106465074534 -0.06506128338949933 1.0544468770875064 0.05284414753626753 0.026740744293827532 -0.07570584554759177 0.9953698074664016 -0.17692865053926218 -0.5249222346232458 -0.3088169894317523 0.15145712356001534 -0.06328944651380787 -0.3889108581337943 0.6105666788514459 -0.26699343232643663 -0.04625119563505162 0.01907994708599927 -0.016752752086688683 0.04639812045750914 0.5750431795957248 -0.9564481188405295 -1.4205777928737051 0.31131075406982794 0.010996298846091533 -0.12286874249674253 1.1077806354462719e-08 -0.3078356672940637 -0.5750595365308881 0.338847775016794 -1.4203069452737738 -0.3193788262591267 -0.10242794562788271 -0.14390929854840345 6.810283925680468e-07 -0.012342019916658033 -0.0006079895390365866
-0.02482178853016421 -0.06507099940621516 1.054461284112791 0.052995948417511714 0.02678765325321621 -0.07570135066732231 0.9953608172877095 -0.17695463854668922 -0.5247573717364558 -0.30875614617795616 0.15143666900034528 -0.06371258336658542 -0.38902167523022685 0.6105674759194395 -0.266955239661694 -0.04613805993019483 0.019011843796150188 -0.01674059494557233 0.04630537041838767 0.5750432051265474 -0.9566782980542021 -1.420576475944225 0.31131133777327874 0.01097280626377966 -0.12282685297000695 -1.4745233321999974e-09 -0.3078974115002534 -0.5750595541715677 0.3389802518122385 -1.4203080074425347 -0.31938891145131826 -0.10242578554424006 -0.14384979669971798 6.524589376573806e-07 -0.012341505902078147 -0.000611656081307894
-0.024828644670366315 -0.06508057592542288 1.054475490528443 0.05314616163880722 0.026834221980961664 -0.07569651429051417 0.9953519215624211 -0.1769806273910879 -0.5245925288151101 -0.3086953224798906 0.15141560930727674 -0.06413132766812718 -0.38913204311981353 0.6105681419150462 -0.26691696901233936 -0.04602608087019721 0.0189442172663343 -0.016727917547950145 0.04621318622280396 0.5750433333015115 -0.9569071128266884 -1.420575130171125 0.3113119329302301 0.010949486900983747 -0.12278507960306878 -1.472957830436857e-08 -0.307958549144796 -0.5750594917009053 0.33911295367075306 -1.4203090941265544 -0.31939896701070775 -0.10242353582924746 -0.1437904169407084 6.20002225166069e-07 -0.012340974634171744 -0.0006153142205741836
-0.024835674930272948 -0.06509001542436672 1.054489499771118 0.053294791955799004 0.026880450182735167 -0.07569134868713726 0.9953431198748921 -0.17700665153297468 -0.5244278685803031 -0.30863452181136175 0.15139396968323066 -0.06454569081616077 -0.38924195275940066 0.6105686587151866 -0.2668786086812507 -0.04591525694687928 0.018877079118136415 -0.016714718286274806 0.04612157273180438 0.5750435804013219 -0.9571345609011054 -1.4205737657997142 0.31131253785077745 0.010926338540172276 -0.1227434277219864 -2.8751589142968084e-08 -0.3080190796166138 -0.5750593302715796 0.3392458857570065 -1.420310188877685 -0.31940899371160836 -0.10242119808112476 -0.1437311535924669 5.831330001409177e-07 -0.01234042698507498 -0.0006189629039606536
-0.024842879218258448 -0.0650993197061728 1.0545033155477508 0.05344184539727227 0.0269263371844566 -0.07568586685596321 0.9953344116851504 -0.17703274914116932 -0.5242635898567918 -0.30857375083325156 0.15137177665612087 -0.06495568885873815 -0.38935139344339964 0.6105690078298236 -0.2668401472246705 -0.04580558452186696 0.018810443157013166 -0.01670099521694911 0.04603053368595164 0.5750439644291071 -0.9573606429738266 -1.4205723979003901 0.31131315044006097 0.010903357869760644 -0.12270190343681961 -4.361818169478193e-08 -0.3080790021689938 -0.5750590490285834 0.3393790497004955 -1.420311269045215 -0.31941899246405403 -0.10241877505618549 -0.1436720001335431 5.413036473514318e-07 -0.012339863885089281 -0.0006226008510633862
-0.024850257275944122 -0.06510848966755581 1.0545169418272542 0.05358732968866939 0.026971881905371715 -0.07568008218144864 0.9953257963322009 -0.17705896214364739 -0.5240999370034097 -0.30851302085278004 0.151349057345642 -0.06536134397046063 -0.38946035293903036 0.610569171196932 -0.2668015740350169 -0.04569705717589255 0.018744324960706504 -0.016686746147866898 0.04594007102874395 0.5750445051119312 -0.9575853637626924 -1.4205710474390856 0.31131376812668765 0.010880540210245239 -0.12266051360676929 -5.942282875382883e-08 -0.30813831585522944 -0.5750586252346545 0.3395124417363625 -1.4203123048578576 -0.3194289642939283 -0.10241627099459988 -0.14361294941210384 4.939681007858675e-07 -0.01233928628298239 -0.0006262265077417971
-0.02485780863673912 -0.0651175249896151 1.0545303828177512 0.053731254830765934 0.027017082846196385 -0.0756740078050253 0.9953172730499145 -0.1770853360424692 -0.523937212116212 -0.30845234980799024 0.15132583813989173 -0.06576268643584594 -0.3895688177737979 0.6105691323640752 -0.26676288019837807 -0.04558966484967302 0.018678740930030746 -0.016671968804698546 0.04585018408587546 0.5750452236953497 -0.9578087333538934 -1.4205697423066113 0.31131438779584447 0.010857879215476148 -0.12261926569834122 -7.627647310585454e-08 -0.30819701948726863 -0.5750580346240388 0.3396460503062571 -1.4203132588009015 -0.319438910297408 -0.10241369197890555 -0.14355399405644853 4.4062091911101096e-07 -0.012338695079220113 -0.0006298379929838106
-0.02486553256703386 -0.06512642372424406 1.0545436429245356 0.053873633895395 0.027061938099749265 -0.0756676555513601 0.9953088410039123 -0.1771119193418026 -0.5237757909324454 -0.3083917649303659 0.15130214245594453 -0.0661597573302553 -0.3896767737308062 0.6105688782051678 -0.2667240597439809 -0.04548339270314632 0.018613706463533306 -0.016656661111745626 0.04576086863185093 0.5750461423255335 -0.958030768854927 -1.4205685180776144 0.31131500574409493 0.010835366582323085 -0.12257816746160557 -9.43070087624358e-08 -0.30825511164356467 -0.5750572521728464 0.339779853068542 -1.4203140856236893 -0.31944883155330744 -0.10241104628470457 -0.14349512718297627 3.8085797858713826e-07 -0.012338091023452548 -0.00063343303962854
-0.024873427979326703 -0.0651351817370251 1.0545567266833082 0.05401448412762178 0.02710644539266968 -0.07566103416308038 0.9953004993628679 -0.1771387623824958 -0.5236161437180936 -0.30833130627458294 0.15127798708051346 -0.06655261216959389 -0.3897842066185647 0.6105684013777458 -0.2666851114571116 -0.045378219590054544 0.018549232719825042 -0.016640821638671893 0.045672115937465514 0.575047282652928 -0.9582514963441094 -1.420567418068068 0.3113156176874675 0.010812991839430531 -0.12253722630249139 -1.1365435146991883e-07 -0.3083125907588205 -0.5750562536289419 0.3399138133585776 -1.4203147335237856 -0.31945872896217187 -0.1024083446282047 -0.1434363435438461 3.144724892642841e-07 -0.012337474568423715 -0.0006370089315128443
-0.024881493299183183 -0.06514379195028973 1.054569638663064 0.0541538284844513 0.02715060216690228 -0.07565414646839708 0.9952922474251417 -0.17716591526311015 -0.5234588629403197 -0.30827103132536515 0.15125337632380592 -0.06694132591903658 -0.38989110338987354 0.6105677038050694 -0.26664604150739224 -0.04527411600095787 0.018485321136225634 -0.016624450287524087 0.04558391199833486 0.5750486630194251 -0.9584709530278612 -1.420566491913202 0.31131621888094807 0.010790742353035855 -0.1224964481516108 -1.3445699841997163e-07 -0.30836945533803867 -0.5750550184251085 0.34004787635638367 -1.4203151473909819 -0.3194686029756629 -0.10240560012794274 -0.14337764132360836 2.415976082137501e-07 -0.012336845674574914 -0.0006405624433152125
-0.024889726255175763 -0.06515224330396016 1.0545823833339667 0.05429169780154145 0.027194405707201764 -0.07564698490823805 0.9952840848332455 -0.17719342432761792 -0.5233047002969816 -0.3082110208795774 0.1512282928166784 -0.06732599992985795 -0.38999745368310174 0.6105668015791682 -0.26660686726678773 -0.04517104126176833 0.018421954422965504 -0.016607549331136735 0.04549623731651656 0.5750502931304766 -0.9586891893594933 -1.4205657912914122 0.3113168044501524 0.010768603803823367 -0.12245583550060803 -1.5682357816877556e-07 -0.30842570436122746 -0.5750535351018289 0.34018196566265757 -1.420315275533612 -0.31947845313791495 -0.10240282760565206 -0.14331902488749057 1.6292211554007215e-07 -0.012336203556289485 -0.0006440897923992351
-0.024898123538959458 -0.06516051931297816 1.0545949648994457 0.05442813387061154 0.027237853304423187 -0.07563952457330117 0.9952760119248601 -0.17722132603423382 -0.5231546169120154 -0.30815138615893145 0.15120268321823893 -0.06770677163953781 -0.39010325181374633 0.6105657318375131 -0.2665676228801069 -0.0450689396752798 0.01835908214753653 -0.01659012495341791 0.045409067827675835 0.5750521643416504 -0.9589062705651148 -1.420565360391465 0.31131737010956984 0.010746561591815213 -0.1224153840579576 -1.8077945849761685e-07 -0.3084813380361369 -0.5750518112697001 0.34031598188862117 -1.4203150821935648 -0.31948827731799934 -0.10240004152117088 -0.14326050892800674 8.001305600750978e-08 -0.012335546294358976 -0.0006475866136188507
-0.024906680250832425 -0.06516859605141286 1.0546073871084007 0.054563193826817055 0.02728094230863271 -0.07563171271442053 0.9952680302803127 -0.17724963304378882 -0.5230098530612763 -0.30809227510607573 0.1511764367171234 -0.06808382821205088 -0.3902084988712075 0.6105645623628437 -0.26652836745588193 -0.044967735154195825 0.018296598689889844 -0.01657218923486414 0.045322377616444906 0.5750542324181461 -0.9591222763371678 -1.4205652169185279 0.31131791357231914 0.010724604012707181 -0.12237507709712418 -2.0617562855640184e-07 -0.3085363593721098 -0.5750498916882694 0.3404498066007095 -1.4203145696128394 -0.31949807046279294 -0.10239725128278147 -0.1432021246450912 -4.2029707050948935e-09 -0.012334869862356521 -0.000651047951172393
-0.02491538906660349 -0.06517643941731648 1.0546196531666765 0.05469695621706669 0.02732366874390688 -0.0756234553771758 0.9952601434317451 -0.17727827688093611 -0.5228720332763578 -0.308033859423279 0.15114935762550955 -0.06845742520622268 -0.3903132014587477 0.610563404710459 -0.26648919737258214 -0.044867323822945435 0.018234315214197886 -0.0165537595094473 0.04523614252209546 0.5750563876850098 -0.9593372951557705 -1.4205653161577183 0.31131843726242026 0.010702729104096757 -0.12233487599241545 -2.325479253298439e-07 -0.3085907778778657 -0.5750478899585293 0.3405833176431563 -1.4203138157048454 -0.3195078229027934 -0.10239445231050386 -0.14314392855663552 -8.471583012938502e-08 -0.012334164879500571 -0.0006544681483616474
-0.024924239826892874 -0.065184002420324 1.0546317666622336 0.05482952731009451 0.02736601294605632 -0.07561462089606834 0.9952523566297805 -0.17730672147914253 -0.5227433834998221 -0.3079761473992487 0.15112117207990253 -0.06882790590357732 -0.3904173371921929 0.6105624299468858 -0.266450266605231 -0.04476756522821591 0.018171967776789283 -0.016534822880860504 0.045150331199052034 0.5750584056261407 -0.9595513961128733 -1.4205654835438708 0.3113189537502072 0.010680960982909351 -0.12229470851201467 -2.589516683679182e-07 -0.3086446171256153 -0.5750460346834334 0.3407164195740394 -1.4203130363724534 -0.31951752161918534 -0.10239161676556476 -0.1430860093518814 -1.5324360079368633e-07 -0.012333411712359315 -0.0006578395580260192
-0.024933228163322906 -0.06519123176754069 1.0546437410003502 0.054961029203173604 0.02740781350479834 -0.07560524678616387 0.995244665238763 -0.17733088129096441 -0.5226276185708014 -0.30791732558874374 0.15109194738668022 -0.06919566519512858 -0.3905205333128682 0.6105618698376243 -0.26641183586129297 -0.0446682849742492 0.01810964665969655 -0.0165149743113101 0.045064779429850536 0.5750598705225862 -0.959764440082307 -1.4205652322779043 0.3113194691280447 0.010659307097080229 -0.12225466443644373 -2.882075099977272e-07 -0.3086979121513614 -0.5750446518008858 0.3408490150711452 -1.4203127115201009 -0.3195271845557847 -0.10238876782735526 -0.14302830783651305 -1.9460728628798418e-07 -0.01233266862370428 -0.0006611062471253145
-0.024942345921120757 -0.06519809685796676 1.0546555763988943 0.055091532931488205 0.02744908841513956 -0.07559520467185059 0.9952370750605393 -0.17735118038715547 -0.5225259098619107 -0.3078577967401631 0.15106141917708163 -0.06956093128262714 -0.39062285386699785 0.6105618313696323 -0.26637398866009776 -0.044569393302861124 0.018047121769037094 -0.016494290250142228 0.04497943286387709 0.575060655662009 -0.9599764973819382 -1.420564482944127 0.3113200029278552 0.010637798571361911 -0.12221465940727587 -3.183615577302322e-07 -0.30875074084738036 -0.5750439069514738 0.3409810795084624 -1.4203129846557678 -0.31953678712440414 -0.10238588482193732 -0.14297087703975142 -2.3124133592066867e-07 -0.012331907750798704 -0.0006643143487576578
-0.024951590149496074 -0.06520459136692534 1.054667272120358 0.05522105855395826 0.027489871105583565 -0.07558444049282803 0.995229588604642 -0.17736847335384115 -0.522438356466476 -0.3077980417122908 0.15102947700588587 -0.06992376808927638 -0.3907243861319542 0.6105623266264435 -0.26633672018286325 -0.04447086880378284 0.017984308855708148 -0.016472868314981865 0.04489424864321823 0.5750607871115468 -0.9601876344031743 -1.4205633010406737 0.3113205624704474 0.010616436438894733 -0.12217467156198542 -3.4798037277559286e-07 -0.3088031627320258 -0.575043805911179 0.34111258468700656 -1.4203138208591901 -0.31954631825492125 -0.10238296629990697 -0.1429137415227513 -2.7220453724785217e-07 -0.012331111517507628 -0.0006674959886478
-0.024960961751543487 -0.06521072542033503 1.0546788276411232 0.05534959228965985 0.027530191479481096 -0.07557296258872309 0.9952222055983452 -0.1773835355703711 -0.5223644435781466 -0.3077384011227352 0.15099613917996282 -0.0702841292100863 -0.39082519819282086 0.6105633100742419 -0.2662999779129164 -0.04437273521991181 0.017921239129789036 -0.016450782962452424 0.04480919833346485 0.5750603621411026 -0.9603978878242894 -1.420561803889218 0.31132114953918216 0.010595212045913894 -0.12213470850935228 -3.755832531709827e-07 -0.30885521519488096 -0.5750442698323983 0.34124351999673536 -1.4203151036367012 -0.31955578028025416 -0.10238002176999957 -0.1428568993705733 -3.187648385406695e-07 -0.012330271551532768 -0.0006706729260345544
-0.024970463885836538 -0.0652165191124215 1.054690242521852 0.055477100282784034 0.027570074683337272 -0.07556081394820237 0.9952149243865137 -0.17739700989859603 -0.5223032918116897 -0.30767908834868285 0.15096149573049963 -0.07064190152260502 -0.3909253406817892 0.6105647057533898 -0.26626368574032666 -0.04427504384104768 0.017858002115865225 -0.016428087854480623 0.044724272084291486 0.5750595026695288 -0.9606072652590703 -1.4205601136234922 0.3113217633711204 0.010574115666418752 -0.12209479033198976 -3.9995518835276345e-07 -0.3089069175793832 -0.5750451855825376 0.34137390134111995 -1.420316691618338 -0.3195651818587271 -0.10237706198759801 -0.14280033298418146 -3.685207975176676e-07 -0.012329384950423848 -0.0006738594685340496
-0.024980100917164346 -0.06522199794997918 1.0547015161986222 0.055603538089598545 0.027609541841098505 -0.07554805276117739 0.9952077428734352 -0.1774094138162469 -0.5222538218685957 -0.30762022276086237 0.15092566841351038 -0.07099693565206104 -0.39102485222259503 0.6105664254141971 -0.2662277589422487 -0.044177861184875634 0.01779470770013624 -0.016404821366999327 0.04463947749043464 0.5750583305435499 -0.9608157510224147 -1.4205583357355003 0.311322402268979 0.010553139996464763 -0.12205494077703702 -4.2028126468401524e-07 -0.3089582759189636 -0.5750464338154829 0.34150376894328155 -1.4203184493765175 -0.31957453340847247 -0.10237409451584063 -0.1427440174797814 -4.1783980186298825e-07 -0.01232845212276954 -0.0006770645455011945
-0.0249898777737593 -0.06522718976898456 1.0547126478452025 0.05572885697282722 0.02764861083825849 -0.07553474062205015 0.9952006590524226 -0.17742115496197067 -0.5222148667720942 -0.3075618580193137 0.15088878637364128 -0.07134906651651361 -0.3911237638302373 0.6105683800409746 -0.2661921133078599 -0.04408126058510958 0.01773146454030945 -0.01638101088105343 0.04455483572266789 0.5750569555780076 -0.9610233127323343 -1.420556551553404 0.3113230644163444 0.010532281210762214 -0.12201518269593163 -4.361486179563045e-07 -0.3090092870051106 -0.5750479033920494 0.34163318060022313 -1.4203202622705045 -0.31958384474410206 -0.10237112256606563 -0.14268792621279597 -4.631638842822583e-07 -0.012327475399975188 -0.000680293232140322
-0.02499979955726468 -0.06523212269924467 1.0547236363110695 0.05585300796515836 0.02768729695398446 -0.07552093588885873 0.9951936712676064 -0.17743254737506295 -0.5221852475105693 -0.3075040036722477 0.1508509723784427 -0.07169812684329122 -0.39122210198596474 0.6105704867534897 -0.2661566704079839 -0.0439853165703916 0.0176683690159549 -0.01635667587316029 0.044470376977704895 0.5750554707882835 -0.9612299073819082 -1.420554817888528 0.3113237482400002 0.01051153884238727 -0.12197553588921875 -4.474853403640954e-07 -0.3090599415557192 -0.5750494979686266 0.3417622041738094 -1.420322041785164 -0.31959312403459605 -0.10236814537316824 -0.1426320341131536 -5.016279165119393e-07 -0.012326458078975526 -0.0006835478766786516
-0.025009871307393274 -0.06523682386622237 1.0547344801183227 0.055975944393661665 0.02772561334764406 -0.07550669031531461 0.9951867783141825 -0.1774438268077913 -0.5221638225617322 -0.307446641098699 0.15081233577839454 -0.07204395576135675 -0.39131989063896166 0.6105726725455218 -0.26612136033822026 -0.04389010122478865 0.017605500550432696 -0.01633183013505816 0.044386136292980244 0.5750539515114875 -0.9614354863793725 -1.4205531700093743 0.3113244525278958 0.010490915159880349 -0.12193601631901095 -4.5447862490462517e-07 -0.3091102265516659 -0.5750511382092188 0.341890911013943 -1.4203237254929932 -0.31960237748702125 -0.10236515913759935 -0.14257631948964639 -5.312778781730177e-07 -0.012325403775939485 -0.0006868289330975451
-0.025020097862227295 -0.06524131860858734 1.054745177498977 0.05609762334999779 0.027763571428604396 -0.07549204769645255 0.9951799794462342 -0.17745516459812974 -0.5221495187614704 -0.30738973501088357 0.1507729696181825 -0.07238640396447012 -0.39141715241186864 0.6105748759085489 -0.2660861228337634 -0.043795681949355174 0.017542920621596077 -0.016306483374497326 0.044302150146914 0.5750524564940903 -0.9616399994429705 -1.4205516258255577 0.31132517642451674 0.010470414400137198 -0.1218966360741619 -4.5749401028301567e-07 -0.30916012689669276 -0.5750527616269422 0.3420193708845923 -1.420325274229219 -0.31961160940443045 -0.10236215805798318 -0.14252076480949394 -5.510680754673461e-07 -0.012324316017109507 -0.0006901355740379989
-0.025030483778434327 -0.06524563005387438 1.054755726456588 0.0562180064456015 0.027801181136891097 -0.0754770437113055 0.9951732743353178 -0.17746667990792098 -0.5221413489402271 -0.30733324155479885 0.15073295022668345 -0.07272533650652876 -0.3915139092443152 0.6105770470844575 -0.2660509073627804 -0.043702120206921824 0.01748067379045789 -0.016280642371104208 0.04421845393223131 0.575051029852965 -0.9618433974263857 -1.4205501901727993 0.3113259193722835 0.010450042035530887 -0.12185740372196999 -4.570079744900115e-07 -0.30920962656575884 -0.5750543212131467 0.34214764842282674 -1.4203266680667785 -0.3196208224172454 -0.10235913524582083 -0.14246535682211378 -5.607461703112749e-07 -0.012323198004256587 -0.0006934661386768472
-0.025041033289098315 -0.06524977893925313 1.054766124839297 0.056337060090018744 0.027838451162449054 -0.07546170642983092 0.9951666630067486 -0.1774784504110673 -0.5221384202538041 -0.30727711391120294 0.1506923381921287 -0.07306063398603532 -0.39161018267081715 0.6105791474700759 -0.26601567260561526 -0.04360947094811494 0.017418789706157012 -0.016254311823762958 0.04413508023461321 0.5750497033104538 -0.9620456342415659 -1.4205488586807349 0.31132668104472067 0.010429804175255599 -0.12181832479622773 -4.5354640328008395e-07 -0.309258709385864 -0.5750557835229491 0.3422758009367874 -1.4203279020214605 -0.3196300177943715 -0.10235608344428494 -0.14241008631851879 -5.606937170117431e-07 -0.012322052496536529 -0.0006968184781922892
-0.025051750286191634 -0.06525378359711921 1.0547763704158244 0.05645475545845517 0.02787538911230628 -0.0754460571664869 0.9951601457685063 -0.17749052128633222 -0.5221399361688178 -0.30722130594735836 0.1506511800680946 -0.07339219265626863 -0.39170599384951404 0.6105811485361473 -0.26598038559644915 -0.043517782500115586 0.017357285499583194 -0.01622749495126184 0.04405205777971666 0.5750484983814529 -0.962246668040764 -1.4205476209900347 0.31132746127319294 0.010409707079351639 -0.12177940236616502 -4.476452743059422e-07 -0.3093073595562724 -0.5750571265899196 0.3424038772603735 -1.4203289820227536 -0.319639195741974 -0.10235299555798864 -0.14235494764929169 -5.517567359437813e-07 -0.012320881778414018 -0.0007001901882524649
-0.025062638318637115 -0.0652576600473868 1.0547864609478743 0.05657106826538631 0.027912001643960366 -0.07543011146653775 0.9951537231421517 -0.1775029127456272 -0.5221451941837523 -0.30716577449378835 0.15060951036851192 -0.07371992384513897 -0.39180136345419053 0.6105830305075041 -0.2659450207059085 -0.043427096760184684 0.017296168194436058 -0.016200193924024973 0.04396941090426514 0.5750474283647624 -0.962446461838661 -1.4205464632960239 0.31132825998415947 0.0103897568030512 -0.12174063758408249 -4.3982128910137385e-07 -0.30935556199086484 -0.5750583378831161 0.3425319174013877 -1.4203299214019465 -0.3196483556775757 -0.10234986501041855 -0.14229993815128256 -5.350891012994562e-07 -0.012319687677133656 -0.0007035787730969546
-0.025073700600352352 -0.06526142215520597 1.0547963942551193 0.05668597842513064 0.027948294575003283 -0.07541388010116043 0.9951473958004524 -0.17751562624843645 -0.5221535808208442 -0.3071104806407526 0.15056735359422083 -0.07404375295550646 -0.39189631149989185 0.6105847809682838 -0.2659095585808547 -0.04333744958032608 0.01723543694162009 -0.016172410174077823 0.0438871594149194 0.575046500079988 -0.9626449837241796 -1.4205453702691369 0.31132907714955804 0.010369958954340777 -0.12170203017758263 -4.305527048031053e-07 -0.3094033025389315 -0.575059412417673 0.34265995274886124 -1.420330737994814 -0.3196574964663359 -0.10234668596147772 -0.14224505756040445 -5.120181124540355e-07 -0.012318471607801312 -0.0007069817586261277
-0.025084940024596266 -0.06526508182490859 1.0548061682707335 0.056799469654926556 0.02798427297596507 -0.0753973700009573 0.9951411645137912 -0.17752864956238437 -0.5221645649952372 -0.30705539035181917 0.15052472614364076 -0.07436361823557558 -0.39199085714878223 0.6105863934970044 -0.26587398511379945 -0.04324887126203094 0.01717508498371824 -0.016144144617656574 0.04380531871848873 0.5750457153408679 -0.9628422067850559 -1.4205443264392448 0.31132991275005956 0.010350318543659292 -0.12166357887217664 -4.2026817728115564e-07 -0.309450568122297 -0.575060351071745 0.34278800664929027 -1.4203314518609953 -0.3196666166159575 -0.10234345341779914 -0.14219030745742245 -4.839357076348742e-07 -0.012317234631214213 -0.0007103967677041257
-0.025096359182160948 -0.06526864920981452 1.0548157810867373 0.05691152905798417 0.028019941251061626 -0.075380585091801 0.995135030105858 -0.17754196082801593 -0.5221776905492413 -0.3070004746155592 0.15048163803089454 -0.07467946945017283 -0.392085018525319 0.6105878663947913 -0.2658382904845691 -0.04316138710403724 0.01711510131736871 -0.01611539781545114 0.043723900129399015 0.5750450721808207 -0.9630381088422661 -1.4205433171407005 0.31133076674962157 0.010330839905016336 -0.1216252817415221 -4.093416099322464e-07 -0.30949734681365515 -0.5750611591282494 0.3429160952046336 -1.42033208356982 -0.3196757144317783 -0.10234016326471447 -0.1421356907725465 -4.522150477058042e-07 -0.012315977514865085 -0.0007138215676902643
-0.02510796038173957 -0.06527213292398715 1.0548252309892951 0.05702214671112685 0.028055303209874056 -0.07536352701851455 0.9951289934182334 -0.17755553177700592 -0.5221925685029556 -0.3069457092973426 0.15043809437940614 -0.07499126654115096 -0.39217881255720033 0.6105892015412714 -0.2658024682967406 -0.04307501796370446 0.017055472057020432 -0.016086170088509526 0.043642911281592985 0.5750445658574405 -0.9632326720683324 -1.4205423291108605 0.3113316390793144 0.010311526670146653 -0.12158713648888295 -3.980913049772154e-07 -0.309543627872264 -0.5750618450398699 0.34304422818274183 -1.4203326529772502 -0.3196847881360922 -0.10233681224369266 -0.14208121136044996 -4.1815018160702456e-07 -0.012314700791337565 -0.0007172540977835905
-0.025119745671317747 -0.06527554024674012 1.054834516484668 0.057131315272532325 0.028090362131840997 -0.07534619575504063 0.9951230552830015 -0.1775693302402489 -0.5222088693973375 -0.3068910748080988 0.15039409668638304 -0.07529897833446686 -0.3922722548498134 0.6105904033930994 -0.2657665148180468 -0.042989780805576486 0.016996181523039104 -0.016056461602707135 0.04356235659062627 0.5750441896659275 -0.9634258825441844 -1.4205413508243285 0.3113325296283874 0.010292381780343408 -0.12154914066661238 -3.8678203716850747e-07 -0.3095894017475655 -0.5750624194045089 0.34317240996205206 -1.4203331784103865 -0.31969383595673895 -0.10233339789399336 -0.14202687364812103 -3.8291556526960487e-07 -0.012313404810931851 -0.0007206924819093236
-0.025131716859781567 -0.06527887731411981 1.0548436363168487 0.05723902961868554 0.02812512082468961 -0.0753285901073727 0.9951172165023291 -0.17758332206767302 -0.5222263159767657 -0.3068365556728262 0.15034964386959765 -0.07560258132948851 -0.3923653595961218 0.6105914781271894 -0.2657304283253399 -0.04290568922017838 0.016937213086498315 -0.016026272430939542 0.04348223772715092 0.5750439355907205 -0.9636177297936677 -1.420540372632392 0.311333438240746 0.010273407523668553 -0.1215112918417868 -3.7562897280708747e-07 -0.30963466005788126 -0.5750628941324121 0.34330064045703157 -1.4203336761777425 -0.31970285619014416 -0.1023299184727746 -0.1419726823522702 -3.4754192422014925e-07 -0.01231208978710394 -0.000724135031456553
-0.02514387553817263 -0.06528214929405017 1.0548525894780505 0.05734528651521268 0.02815958167745756 -0.0753107081195425 0.9951114778339017 -0.17759747256652988 -0.522244676363861 -0.30678214005616755 0.15030473311646472 -0.0759020585904911 -0.3924581395203055 0.6105924329225662 -0.26569420854936887 -0.042822753902948485 0.016878549806133836 -0.015995602599478166 0.04340255407530966 0.5750437948219856 -0.9638082063226205 -1.4205393867643181 0.31133436471529496 0.010254605588013426 -0.12147358771634281 -3.648026218986942e-07 -0.30967939554934115 -0.5750632817835045 0.34342891598973957 -1.4203341603307085 -0.31971184724369445 -0.10232637286413616 -0.1419186422597856 -3.129050539895476e-07 -0.012310755834413477 -0.0007275802410896868
-0.025156223100187784 -0.06528536054357441 1.0548613752132519 0.05745008432323819 0.028193746708482337 -0.07529254739468609 0.9951058399811599 -0.1776117475502315 -0.5222637578112177 -0.30672781928355203 0.15025936055923478 -0.07619739874940748 -0.392550605851388 0.6105932753699533 -0.26565785621154825 -0.042740983088105554 0.016820174892401347 -0.015964452122971737 0.043323303159116484 0.575043758160307 -0.9639973071801776 -1.4205383872354431 0.311335308808904 0.010235977122845482 -0.1214360262096679 -3.54434232538287e-07 -0.3097236020390836 -0.5750635950528195 0.34355723008696787 -1.4203346426114332 -0.31972080766181277 -0.10232276048457024 -0.14186475806316715 -2.797244661810433e-07 -0.012309402999338607 -0.0007310267800256677
-0.025168760761642393 -0.06528851474784332 1.0548699930199554 0.05755342274089497 0.028227617608589016 -0.07527410534351425 0.9951003035873743 -0.17762611407606876 -0.5222834010662749 -0.30667358738267825 0.15021352180097808 -0.07648859512144916 -0.3926427683220801 0.6105940129957306 -0.2656213726433524 -0.0426603829356863 0.016762072030992295 -0.015932821031180676 0.043244481027091976 0.5750438163295272 -0.9641850295530869 -1.4205373696967878 0.3113362702410222 0.010217522804416667 -0.12139860551086859 -3.446212147268201e-07 -0.3097672743461481 -0.5750638463824833 0.3436855741926557 -1.4203351325329094 -0.319729736139504 -0.10231908118995058 -0.14181103424240518 -2.4856919928874613e-07 -0.012308031284674966 -0.0007344734805342709
-0.025181489578706886 -0.06529161504132082 1.0548784426442146 0.057655302578336995 0.02826119577964287 -0.07525537937197255 0.9950948692327207 -0.17764054093764173 -0.5223034753518881 -0.30661944066023267 0.1501672123161091 -0.07677564493027991 -0.39273463518777585 0.610594652886002 -0.2655847594784554 -0.042580957872336386 0.016704225594571995 -0.01590070938953937 0.043166082590672596 0.5750439602145219 -0.9643713723988407 -1.4205363312523702 0.3113372486992081 0.01019924290074869 -0.1213613241070694 -3.354323202832489e-07 -0.30981040821311917 -0.5750640476800386 0.3438139382924937 -1.420335637547315 -0.3197386315265393 -0.10231533518741344 -0.14175747498499755 -2.1986855254660615e-07 -0.012306640668397638 -0.0007379193249360434
-0.02519441046479506 -0.06529466411220686 1.054886724073862 0.0577557255638399 0.028294482368618628 -0.07523636701886985 0.9950895374336363 -0.17765499896670967 -0.522323873942493 -0.3065653773217605 0.1501204277472867 -0.07705854863631455 -0.39282621326080636 0.6105952013966692 -0.2655480184078901 -0.042502710887980265 0.01664662076755668 -0.01586811731495158 0.043088101915620916 0.5750441810378881 -0.9645563361199151 -1.420535270263392 0.31133824384503833 0.010181137333906534 -0.1213241807931917 -3.269124113096394e-07 -0.309853000221332 -0.5750642101246212 0.3439423114525504 -1.4203361632680114 -0.31974749282488607 -0.10231152295416307 -0.14170408413643334 -1.939259269321276e-07 -0.012305231117892022 -0.0007413634320062299
-0.02520752420603679 -0.06529766429139462 1.054894837529739 0.05785469417817542 0.028327478297345377 -0.07521706605303466 0.9950843086438639 -0.17766946118942087 -0.5223445103012209 -0.3065113971377754 0.1500731641181351 -0.0773373093599128 -0.3929175079554941 0.6105956639362211 -0.2655111509890734 -0.04242564379144777 0.016589243604834186 -0.015835044987737926 0.04301053246816568 0.575044470487117 -0.9647399222790198 -1.4205341861528769 0.31133925532001416 0.010163205737979717 -0.1212871746677896 -3.1908672788830835e-07 -0.30989504770222553 -0.57506434404443 0.34407068227693494 -1.4203367137187755 -0.319756319181486 -0.10230764516427315 -0.1416508651743189 -1.7093434613546378e-07 -0.012303802600419298 -0.0007448050434166344
-0.02522083147530969 -0.06530061762744242 1.054902783455583 0.05795221151429642 0.028360184288105203 -0.07519747453827694 0.9950791832566954 -0.17768390287348507 -0.5223653147347516 -0.3064575011559558 0.1500254179786886 -0.07761193239036226 -0.39300852334013425 0.6105960448091636 -0.2654741585003589 -0.042349757428660005 0.016532081041680385 -0.01580149266032417 0.04293336731918669 0.575044820801789 -0.9649221333536993 -1.420533079219955 0.3113402827512108 0.010145447511864716 -0.12125030511871453 -3.119646214446497e-07 -0.30993654864719655 -0.5750644588509094 0.34419903929141754 -1.420337291590742 -0.319765109878046 -0.10230370262387486 -0.1415978212002492 -1.5099257163071747e-07 -0.01230235509059556 -0.0007482435106407553
-0.025234332844837306 -0.06530352594909539 1.054910562507106 0.05804828115938845 0.02839260088528209 -0.07517759087318772 0.9950741616080246 -0.17769830149569227 -0.522386231518406 -0.30640369145719093 0.14997718649797265 -0.07788242477130994 -0.3930992621926729 0.610596347109429 -0.2654370418337192 -0.042275051867197336 0.016475120868843517 -0.015767460663033084 0.04285659931066487 0.57504522482864 -0.9651029725276776 -1.4205319504696134 0.31134132575650714 0.010127861866433318 -0.12121357180165922 -3.0554275839943037e-07 -0.3099775016180488 -0.5750645630169949 0.3443273712609138 -1.4203378984931974 -0.31977386431913263 -0.10229969621465271 -0.14154495494445318 -1.3412101556903495e-07 -0.012300888575560524 -0.0007516782825934822
-0.025248028797387037 -0.06530639091687192 1.0549181755406625 0.058142907096472705 0.028424728473272456 -0.07515741381165432 0.9950692439799028 -0.17771263665315404 -0.5224072164427424 -0.3063499709519859 0.14992846751580904 -0.07814879495350027 -0.39318972605749714 0.6105965726545999 -0.26539980141914254 -0.04220152655108034 0.016418351683907734 -0.015732949407189667 0.04278022118902904 0.5750456760509478 -0.9652824435158239 -1.420530801461185 0.3113423839493051 0.010110447866016876 -0.12117697461400091 -2.9980782349922076e-07 -0.31001790565985066 -0.575064664088603 0.34445566744906825 -1.4203385351889033 -0.31978258201955134 -0.1022956268452622 -0.14149226877911167 -1.2027689477009684e-07 -0.012299403058405869 -0.0007551088941642227
-0.025261919736120245 -0.06530921406516012 1.0549256236018039 0.05823609362294016 0.02845656729087677 -0.07513694246892991 0.9950644306043608 -0.17772688993662017 -0.5224282347337692 -0.3062963432130671 0.14987925956383527 -0.07841105250615563 -0.39327991530136625 0.6105967219532725 -0.2653624371753017 -0.042129180429460025 0.01636176282760673 -0.015697959385649725 0.04270422571009743 0.5750461685975379 -0.9654605504193976 -1.4205296341769797 0.31134345694269844 0.010093204464375316 -0.12114051366582244 -2.9473876680937924e-07 -0.3100577602177212 -0.5750647687202335 0.34458391782805914 -1.42033920180816 -0.31979126259173657 -0.10229149541009143 -0.14143976473703337 -1.0936826202222219e-07 -0.01229789856033302 -0.0007585349557203654
-0.025276005993161137 -0.06531199683616819 1.0549329079139074 0.05832784528362794 0.028488117442393147 -0.07511617631718746 0.9950597216673193 -0.17774104478007782 -0.5224492593011244 -0.3062428123397649 0.14982956186388066 -0.07866920787898135 -0.39336982916708096 0.610596794199313 -0.2653249484819877 -0.04205801206268739 0.016305344311716485 -0.01566249117079602 0.042628605720144555 0.5750466972357581 -0.9656372976082281 -1.420528450911116 0.3113445443530885 0.0100761305354729 -0.12110418924953288 -2.903086457901928e-07 -0.3100970650587693 -0.5750648827270771 0.34471211324633305 -1.4203398980385051 -0.3197999057336723 -0.1022873027546877 -0.14138744453306742 -1.0126670272945332e-07 -0.01229637512191748 -0.000761956143600263
-0.02529028783696057 -0.06531474060695455 1.0549400298669778 0.058418166816296024 0.02851937890562863 -0.0750951151737034 0.9950551173124575 -0.17775508629745435 -0.5224702692716614 -0.3061893828497579 0.1497793743102464 -0.07892327220751334 -0.39345946582399693 0.6105967872881046 -0.2652873341706723 -0.04198801970895222 0.016249086743475413 -0.015626545410005434 0.04255335421731134 0.5750472573519977 -0.9658126896265982 -1.420527254177682 0.31134564580326823 0.01005922489947877 -0.12106800180912916 -2.864861159521323e-07 -0.31013582020012354 -0.575065011147378 0.34484024556138626 -1.4203406232889122 -0.31980851121769993 -0.1022830496471268 -0.14133530958622176 -9.581860085866254e-08 -0.012294832803778903 -0.0007653721915747454
-0.025304765478536714 -0.06531744671063722 1.0549469910066438 0.058507063107609766 0.028550351537033516 -0.07507375918415339 0.9950506176449486 -0.17776900111450675 -0.5224912487694501 -0.3061360595939404 0.1497286974410796 -0.07917325715529452 -0.39354882241494027 0.6105966978511203 -0.26524959253036917 -0.0419192013943745 0.016192981250119635 -0.015590122818565758 0.04247846439717914 0.5750478449226791 -0.9659867311198009 -1.420526046636751 0.31134676092501296 0.010042486344458694 -0.12103195190982888 -2.832366224392201e-07 -0.3101740258437252 -0.5750651583099841 0.3449683077440114 -1.420341376828745 -0.31981707888044203 -0.1022787367546068 -0.1412833610409554 -9.285496425572881e-08 -0.012293271686888832 -0.0007687828832295799
-0.025319439076677153 -0.06532011645275486 1.0549537930232928 0.05859453915797296 0.028581035074148973 -0.07505210880294748 0.9950462227349972 -0.17778277720178745 -0.5225121859069657 -0.30608284769045585 0.14967753240289441 -0.07941917478713018 -0.3936378950994805 0.6105965213062893 -0.26521172132669507 -0.04185155496911732 0.016137019406036627 -0.015553224170006569 0.04240392968589155 0.5750484564781214 -0.9661594267785774 -1.420524831036398 0.3113478893612259 0.010025913644245826 -0.12099604020855359 -2.805233414106584e-07 -0.31021168231831525 -0.5750653279030454 0.3450962939596869 -1.420342157902657 -0.3198256086139722 -0.10227436462457921 -0.14123159978652244 -9.219986070499945e-08 -0.012291691872693447 -0.0007721880452046464
-0.025334308742186836 -0.06532275112362942 1.0549604377412307 0.058680600053781506 0.028611429135541162 -0.07503016477207436 0.995041932621146 -0.17779640371284303 -0.5225330719560078 -0.30602975247426967 0.14962588091135 -0.07966103746840589 -0.39372667909386405 0.6105962519226527 -0.26517371783269833 -0.041785078151781584 0.016081193164189045 -0.015515850283803562 0.04232974376376752 0.5750490890612344 -0.9663307812988928 -1.4205236101686822 0.31134903076769177 0.010009505572974338 -0.12096026742554317 -2.783079154588165e-07 -0.3102487900288338 -0.5750655230406894 0.34522419963203765 -1.4203429658231923 -0.31983410035828774 -0.10226993366978228 -0.14118002647357744 -9.367755741269096e-08 -0.012290093483184213 -0.0007755875412160434
-0.02534937454126422 -0.0653253520074635 1.0549669271076925 0.0587652509458748 0.0286415332183753 -0.07500792809955006 0.9950377473133276 -0.17780987083044664 -0.5225539006705305 -0.305976779459006 0.149573745210624 -0.0798988577861395 -0.39381516870821637 0.6105958828987309 -0.26513557887061956 -0.041719768564048756 0.01602549479280618 -0.015478002010414488 0.042255900581919366 0.5750497401826343 -0.9665007993547612 -1.4205223868374859 0.31135018481449217 0.00999326091674545 -0.12092463431722694 -2.7655102208322795e-07 -0.3102853494132744 -0.575065746325235 0.34535202149256616 -1.420343800043139 -0.3198425540950873 -0.10226544415660473 -0.1411286415275169 -9.711848228149909e-08 -0.012288476661014387 -0.0007789812667833893
-0.025364636498083973 -0.06532792038879874 1.0549732631814768 0.05884849703315097 0.02867134669376318 -0.07498540003826552 0.995033666795655 -0.17782316962262096 -0.5225746677369928 -0.3059239343081134 0.14952112803309334 -0.08013264848807168 -0.39390335738189103 0.6105954064548734 -0.26509730086429084 -0.04165562375726318 0.015969916817845577 -0.01543968021360835 0.0421823943739899 0.5750504077734643 -0.9666694855820575 -1.4205211638361264 0.3113513511871379 0.009977178482869964 -0.12088914165036102 -2.7521280898687487e-07 -0.3103213609068833 -0.5750659999031191 0.3454797576201594 -1.4203446602097773 -0.3198509698428159 -0.1022608961962779 -0.1410774451582384 -1.0236413866700856e-07 -0.012286841569732998 -0.0007823691445839332
-0.025380094596659485 -0.06533045755686331 1.0549794481209345 0.05893034355048064 0.028700868799997854 -0.07496258206578571 0.9950296910289551 -0.17783629190942007 -0.5225953703309983 -0.30587122281275053 0.1494680325605342 -0.08036242243667502 -0.39399123771808675 0.6105948139406218 -0.265058879902367 -0.04159264123239365 0.01591445197136373 -0.015400885750057674 0.04210921966475661 0.5750510901369493 -0.966836844571478 -1.4205199439327392 0.3113525295874693 0.009961257107102705 -0.12085379017735559 -2.742532248716285e-07 -0.3103568249134803 -0.5750662855132014 0.3456074074732273 -1.4203455462031052 -0.319859347652916 -0.10225628973846682 -0.14102643736615914 -1.0927110959257284e-07 -0.012285188394185702 -0.0007857511203572234
-0.025395748782052332 -0.065332964808249 1.0549854841709903 0.059010795760205126 0.0287300986337701 -0.07493947586546423 0.9950258199530556 -0.1778492301408518 -0.5226160067618636 -0.3058186508740734 0.14941446238765424 -0.0805881925754783 -0.39407880151907154 0.610594095958819 -0.26502031181302516 -0.0415308184545858 0.015859093145676226 -0.0153616194461719 0.042036371277021436 0.5750517858994972 -0.9670028808689902 -1.4205187298615418 0.31135371973437226 0.009945495659252863 -0.12081858061265674 -2.7363226984223506e-07 -0.3103917417835844 -0.5750666045265223 0.3457349719167252 -1.4203464581599643 -0.3198676876072017 -0.10225162456690241 -0.1409756179444565 -1.1771428485454956e-07 -0.012283517341118976 -0.0007891271592879862
-0.02541159896098932 -0.06533544344827973 1.0549913736488414 0.05908985894663727 0.028759035139443893 -0.0749160833090887 0.9950220534888362 -0.1778619772859031 -0.5226365761893248 -0.30576622448786733 0.1493604214884593 -0.08080997190556233 -0.39416603982355947 0.6105932425088427 -0.26498159225117185 -0.04147015286331208 0.015803833353010797 -0.015321882072164445 0.041963844337915154 0.575052493961978 -0.9671675989822823 -1.420517524318223 0.3113549213643554 0.00992989304752326 -0.1207835136100096 -2.7331018535256183e-07 -0.31042611179896024 -0.57506695797691 0.34586245324575887 -1.4203473964857631 -0.31987598981626697 -0.1022469002967679 -0.1409249864775843 -1.2758943711945834e-07 -0.012281828640010761 -0.000792497242799263
-0.025427645001940603 -0.06533789479136455 1.0549971189279301 0.059167538413100525 0.028787677096452444 -0.07489240644115813 0.9950183915400644 -0.17787452673234014 -0.5226570783988692 -0.3057139497296916 0.1493059141857152 -0.08102777347049099 -0.39425294294797847 0.6105922431519342 -0.2649427167995659 -0.041410641878944374 0.01574866569024565 -0.015281674313361937 0.04189163428548782 0.5750532134516637 -0.9673310033918558 -1.4205163299578398 0.3113561342320268 0.009914448221901004 -0.12074858974041 -2.732476001825158e-07 -0.3104599351631552 -0.5750673465820865 0.3459898552069618 -1.4203483618552235 -0.3198842544188304 -0.10224211637361885 -0.14087454233618574 -1.3881526266368606e-07 -0.012280122544142805 -0.0007958613656935262
-0.025443886734705653 -0.06534032016056736 1.0550027224197522 0.05924383948114321 0.028816023104862993 -0.0748684474648088 0.9950148339950323 -0.17788687219676408 -0.5226775136241726 -0.3056618327388957 0.14925094512358184 -0.08124161034829976 -0.3943395005335536 0.6105910872021542 -0.2649036810856065 -0.04135228290641329 0.015693583308263218 -0.015240996738782998 0.04181973687623395 0.5750539436751855 -0.967493098565517 -1.420515149393735 0.31135735811050635 0.009899160176894212 -0.12071380947054633 -2.7340564588408486e-07 -0.31049321199756236 -0.5750677707551229 0.34611718301836564 -1.4203493552032944 -0.3198924815819172 -0.10223727207367943 -0.14082428466857425 -1.5133498991465904e-07 -0.012278399331925248 -0.0007992195335847926
-0.025460323949546823 -0.0653427208865726 1.0550081865530216 0.05931876749165451 0.028844071569148148 -0.0748442087293394 0.9950113807280115 -0.1778990076442976 -0.5226978824068547 -0.3056098797000271 0.1491955192433573 -0.08145149564947779 -0.39442570160131646 0.6105897639470257 -0.2648644809158518 -0.041295073336476716 0.01563857938542451 -0.015199849767039126 0.04174814819400485 0.5750546840727597 -0.9676538889751097 -1.4205139851961208 0.3113585927918035 0.009884027953883236 -0.12067917314154035 -2.7374605275594636e-07 -0.31052594234252423 -0.575068230606254 0.3462444433880562 -1.4203503777070812 -0.31990067150177964 -0.10223236650541632 -0.14077421238899177 -1.6511764531132086e-07 -0.012276659308476937 -0.0008025717605703574
-0.02547695639590404 -0.0653450983061803 1.0550135137496754 0.059392327807686544 0.028871820680193262 -0.07481969271924208 0.9950080316005461 -0.17791092721722498 -0.5227181854852584 -0.30555809682028223 0.14913964176216946 -0.081657442520156 -0.39451153461733174 0.6105882629024169 -0.26482511243062695 -0.04123901054499615 0.015583647104672502 -0.015158233629635856 0.04167686466058753 0.5750554341738521 -0.9678133791143947 -1.42051283988908 0.3113598380871868 0.009869050643330919 -0.12064468094781292 -2.742312354415968e-07 -0.3105581261629768 -0.5750687259351784 0.3463716445315066 -1.4203514307593552 -0.3199088244054561 -0.10222739861234532 -0.14072432416288425 -1.801590520059878e-07 -0.012274902807464131 -0.0008059180670959469
-0.025493783780718107 -0.06534745376042353 1.0550187063971634 0.05946452581885363 0.028899268395564764 -0.07479490204461087 0.9950047864625964 -0.17792262517190796 -0.5227384237052322 -0.3055064903017605 0.14908331815437723 -0.08185946414995438 -0.39459698757061845 0.6105865741066956 -0.2647855722813575 -0.041184091890510234 0.01552877963379551 -0.015116148331786301 0.04160588304807654 0.5750561935543794 -0.9679715735170262 -1.420511715944838 0.31136109382756566 0.009854227387075688 -0.12061033291592622 -2.7482437570491846e-07 -0.310589763358123 -0.5750692562140759 0.3464987961871084 -1.4203525159339387 -0.3199169405528684 -0.1022223671770757 -0.1406746183894613 -1.9648262299791655e-07 -0.012273130193194088 -0.0008092584779733612
-0.025510805766384897 -0.06534978859236666 1.055023766816429 0.059535366947239834 0.028926412418062573 -0.0747698394327797 0.9950016451535515 -0.1779340958233311 -0.5227585979469738 -0.3054550663073729 0.14902655413539426 -0.08205757378415425 -0.3946820480664274 0.6105846884596362 -0.2647458578335177 -0.0411303147102994 0.015473970108418722 -0.015073593610885918 0.04153520049302561 0.5750569617954976 -0.9681284767735993 -1.4205106157742433 0.31136235986390026 0.009839557380911563 -0.12057612888328763 -2.754895088358044e-07 -0.3106208537746131 -0.5750698205616501 0.34662590962907197 -1.4203536349430013 -0.31992502023935654 -0.10221727082664141 -0.14062509318183344 -2.141399965547121e-07 -0.012271341862958623 -0.0008125930205142782
-0.025528021968358384 -0.06535210414461197 1.0550286972249534 0.05960485665479705 0.028953250172581373 -0.07474450772102612 0.9949986075031193 -0.17794533349668637 -0.5227787090629101 -0.3054038309193285 0.14896935564761274 -0.08225178474004786 -0.3947667034377244 0.6105825981119839 -0.26470596739832214 -0.04107767631505127 0.0154192116173375 -0.015030568892838964 0.04146481451223813 0.5750577384439821 -0.968284093546747 -1.4205095417124698 0.31136363606765116 0.009825039877642173 -0.12054206847664027 -2.761916192618682e-07 -0.3106513972226939 -0.5750704177085822 0.3467529976765322 -1.4203547895860804 -0.31993306379854397 -0.1022121080392087 -0.14057574634504766 -2.3321154876557036e-07 -0.01226953824961737 -0.0008159217227480969
-0.02554543195241678 -0.06535440175651576 1.0550334996941972 0.05967300045226138 0.028979778781310694 -0.07471890985017081 0.9949956733321069 -0.17795633248548143 -0.5227987578223497 -0.3053527900891907 0.1489117288480843 -0.08244211042748355 -0.3948509408779143 0.6105802969119836 -0.264665900496507 -0.041026173982161844 0.01536449718985895 -0.014987073246475798 0.041394723019933403 0.5750585229741825 -0.9684384285832599 -1.4205084959990038 0.3113649223312738 0.00981067419077983 -0.12050815109031258 -2.768967503782841e-07 -0.3106813934947687 -0.5750710459548487 0.346880074697378 -1.4203559816904294 -0.31994107160541924 -0.10220687715228463 -0.14052657535237498 -2.5380680562168335e-07 -0.012267719824406302 -0.0008192446116960522
-0.02556303523160374 -0.06535668276109104 1.0550381761007435 0.05973980390965592 0.0290059950373127 -0.07469304885889957 0.9949928424530968 -0.17796708701574418 -0.522818744859287 -0.3053019495785544 0.1488536800976041 -0.08262856437377256 -0.39493474759802827 0.6105777809155444 -0.2646256581577385 -0.040975804947640526 0.015309819784873047 -0.014943105336352737 0.04132492434590834 0.5750593147515121 -0.9685914867221724 -1.4205074807510427 0.311366218568758 0.009796459699046271 -0.12047437586425139 -2.775721332362496e-07 -0.31071084238578084 -0.5750717031194321 0.34700715660501263 -1.4203572130421172 -0.319949044079505 -0.10220157637258154 -0.1404775773202414 -2.7606476518758675e-07 -0.012265887099950596 -0.0008225617116769805
-0.025580831262855132 -0.06535894848155265 1.0550427280704102 0.05980527266848375 0.029031895376529174 -0.07466692787863509 0.9949901146710259 -0.17797759121599113 -0.5228386706202782 -0.3052513148894586 0.14879521595084014 -0.0828111602532576 -0.3950181110117764 0.6105750489670388 -0.2645852432593557 -0.04092656639652706 0.015255172281431653 -0.014898663374285411 0.04125541725419794 0.5750601129974316 -0.9687432728977287 -1.4205064979294701 0.31136752471620666 0.0097823958518173 -0.12044074166192285 -2.781863384878716e-07 -0.3107397437147933 -0.5750723864830368 0.3471342608459496 -1.4203584853071591 -0.3199569816879638 -0.10219620378771754 -0.14042874898223703 -3.0015412934045425e-07 -0.012264040633452671 -0.0008258730426234493
-0.02559881944332195 -0.06536120022744123 1.055047156914581 0.05986941245574693 0.029057475848285934 -0.07464055012878963 0.9949874897836664 -0.17798783909272722 -0.5228585353097613 -0.30520089118371635 0.14873634314715203 -0.08298991192196466 -0.39510101895203825 0.6105721033580149 -0.2645446609082901 -0.04087845545167307 0.015200547470671117 -0.014853745070029404 0.04118620096161958 0.575060916755884 -0.9688937921360876 -1.4205055492966188 0.31136884073243826 0.009768482175640112 -0.12040724704823089 -2.787094559016514e-07 -0.3107680973470858 -0.5750730927245143 0.34726140637585035 -1.4203597999418403 -0.31996488494845576 -0.10219075737995312 -0.14038008666269106 -3.262734339384571e-07 -0.012262181030017976 -0.0008291786183895183
-0.025616999106401157 -0.06536343929024457 1.0550514635579749 0.059932229099956554 0.029082732084384028 -0.0746139189122351 0.9949849675820116 -0.17799782451135102 -0.5228783388305879 -0.3051506831904257 0.14867706860174998 -0.08316483345787228 -0.3951834599225239 0.6105689505713124 -0.26450391887009816 -0.04083146916068955 0.015145938048970676 -0.014808347581591991 0.041117275155465705 0.5750617248611508 -0.9690430495445728 -1.420504636365079 0.311370166599593 0.009754718281937634 -0.1203738902676755 -2.791133060087933e-07 -0.31079590321602724 -0.5750738178518168 0.34738861362131546 -1.4203611580913111 -0.31997275443151063 -0.10218523504217768 -0.1403315862503579 -3.5465103979145724e-07 -0.01226030894606711 -0.0008324784450334727
-0.025635369517489192 -0.065365666938418 1.0550556484570677 0.059993728549325144 0.029107659266892252 -0.07458703761083417 0.9949825478505603 -0.1780075411824414 -0.522898080717879 -0.3051006951010232 0.14861739939685384 -0.08333593920743795 -0.39526542338847387 0.6105656021182195 -0.26446302804909483 -0.040785604480813524 0.015091336612293532 -0.014762467465730116 0.04104864000948645 0.5750625359071232 -0.9691910502922045 -1.420503760336869 0.3113715023237073 0.009741103876000442 -0.12034066922305307 -2.793717210762333e-07 -0.31082316134389926 -0.5750745571284253 0.3475159044244416 -1.4203625604754953 -0.31998059076209223 -0.10217963459631253 -0.14028324317281904 -3.855430547419045e-07 -0.012258425092768676 -0.0008357725190597388
-0.02565392986945786 -0.06536788441168156 1.0550597115083584 0.06005391689236842 0.029132252094847 -0.07455990968084376 0.9949802303674938 -0.17801698265396868 -0.5229177600645862 -0.3050509304517242 0.14855734277243765 -0.08350324383916963 -0.3953469001105325 0.6105620754763859 -0.2644220030235766 -0.04074085826138125 0.015036735651741979 -0.014716100629542414 0.04098029619700283 0.5750633482180201 -0.9693377995804147 -1.4205029220322776 0.3113728479359208 0.00972763876770841 -0.12030758145529132 -2.79460754792714e-07 -0.3108498718607415 -0.5750753049976296 0.3476433019700861 -1.4203640072621861 -0.3199883946305694 -0.10217395382272772 -0.14023505237456832 -4.1923652239068375e-07 -0.01225653023904946 -0.0008390608263039869
-0.025672679277915812 -0.06537009291447894 1.0550636519457088 0.06011280038113152 0.029156504749919945 -0.07453253864813343 0.9949780149047368 -0.1780261423087211 -0.5229373754376083 -0.30500139199228926 0.14849690611641822 -0.08366676240498029 -0.3954278825255411 0.6105583951360279 -0.2643808626400197 -0.04069722722360672 0.014982127550320965 -0.014669242283331189 0.040912244900358656 0.5750641598205839 -0.969483302602088 -1.4205021218079874 0.3113742034929916 0.009714322883363786 -0.1202746241245235 -2.793590459637705e-07 -0.3108760350202192 -0.5750760550035326 0.34777083068621906 -1.4203654979248217 -0.31999616679355236 -0.10216819048492333 -0.14018700829558262 -4.560469394910527e-07 -0.012254625214766699 -0.0008423433401570677
-0.02569161677627068 -0.06537229360844503 1.0550674682259777 0.06017038545730964 0.029180410861332128 -0.0745049281030536 0.9949759012278847 -0.17803501336767877 -0.5229569247834798 -0.30495208154129516 0.14843609695390844 -0.08382651041029995 -0.39550836517847804 0.6105545937618656 -0.26433963067001 -0.04065470793726394 0.014927504581040843 -0.014621886895786878 0.0408444878152895 0.5750649684178718 -0.9696275644876705 -1.420501359464002 0.31137556907774877 0.009701156279030334 -0.1202417939931912 -2.790481977291881e-07 -0.31090165121136 -0.5750767997115174 0.3478985161166831 -1.4203670310849719 -0.3200039080744991 -0.10216234235782914 -0.1401391048535307 -4.963173084010211e-07 -0.012252710913559861 -0.0008456200198005303
-0.025710741310636203 -0.06537448760372211 1.0550711579022138 0.06022667878154034 0.029203963470278278 -0.07447708169483916 0.9949738890959863 -0.17804358889972047 -0.5229764053230469 -0.30490299982797814 0.14837492293526142 -0.08398250389396128 -0.39558834520958375 0.6105507134778186 -0.26429833653339746 -0.0406132967938454 0.014872858906505786 -0.0145740281523543 0.04077702714881841 0.5750657713648023 -0.9697705902367787 -1.4205006341391182 0.3113769447994204 0.009688139155404053 -0.12020908741188402 -2.785132080492247e-07 -0.3109267209648911 -0.5750775306299222 0.34802638476232267 -1.4203686043389632 -0.3200116193637309 -0.10215640725988441 -0.14009133543072083 -5.404168162390155e-07 -0.012250788295213573 -0.0008488908084554707
-0.02573005173464181 -0.06537667594894916 1.0550747174837305 0.06028168726616341 0.029227154994175004 -0.07444900312544984 0.9949719782611557 -0.1780518618381377 -0.5229958134349452 -0.304854146321006 0.1483133918226538 -0.08413475951896347 -0.3956678229006013 0.6105468072809193 -0.26425701609080265 -0.04057298997572472 0.014818182580177091 -0.0145256589177055 0.040709865609153496 0.5750665656456831 -0.9699123846336742 -1.4204999441948951 0.3113783307937704 0.00967527187421397 -0.12017650030874955 -2.7774295517162256e-07 -0.3109512449527775 -0.5750782381349513 0.34815446388623644 -1.4203702140683543 -0.3200193016175456 -0.10215038308909287 -0.1400436928670758 -5.887390477163987e-07 -0.01224885838732511 -0.000852155631654001
-0.025749546804217517 -0.06537885961973416 1.0550781422824607 0.06033541811175976 0.02924997719110123 -0.07442069614276288 0.9949701684679927 -0.1780598250045176 -0.5230151445281552 -0.3048055190448882 0.14825151147498183 -0.0842832946753051 -0.39574680228386105 0.6105429405900924 -0.26421571250810305 -0.04053378342080622 0.014763467549536335 -0.01447677120330032 0.040643006385938235 0.5750673478540247 -0.9700529521448993 -1.4204992870883224 0.3113797272229699 0.009662554976122265 -0.12014402818344401 -2.7673074083526517e-07 -0.31097522397942107 -0.575078911401153 0.34828278127871753 -1.4203718552343803 -0.3200269558561322 -0.10214426786321482 -0.13999616946061974 -6.416996460794824e-07 -0.012246922286022791 -0.0008554143955492617
-0.02576922517244551 -0.06538103950540455 1.0550814262450978 0.060387878847796055 0.02927242112485906 -0.07439216453305061 0.994968459452781 -0.17806747114062807 -0.5230343929044672 -0.3047571143851534 0.1481892898308705 -0.0844281275961619 -0.39582529181762977 0.6105391929343783 -0.26417447719487697 -0.040495672782098605 0.01470870566140424 -0.01442735614105386 0.040576453119091464 0.5750681141750315 -0.9701922967973146 -1.420498659233734 0.3113811342751199 0.009649989200058367 -0.12011166610674055 -2.754748932291421e-07 -0.31099865896284923 -0.5750795383401418 0.34841136497729697 -1.4203735211570054 -0.3200345831599952 -0.10213805976421186 -0.13994875697717352 -6.997333290444999e-07 -0.012244981155427982 -0.0008586669852873907
-0.02578908538459112 -0.06538321639381672 1.0550845617706672 0.060439077377715006 0.029294477131147814 -0.07436341211269257 0.9949668509424326 -0.17807479294900366 -0.5230535516123438 -0.3047089268839258 0.14812673488962474 -0.08456927748876818 -0.39590330513070926 0.6105356597837861 -0.2641333708179543 -0.04045865338160381 0.014653888669691438 -0.0143774039641475 0.04051020985438383 0.5750688603712731 -0.9703304220347445 -1.4204980558549323 0.3113825521633329 0.00963757550388172 -0.12007940872707008 -2.7397943045751857e-07 -0.31102155090409767 -0.5750801055506104 0.34854024293720565 -1.4203752032799213 -0.3200421846645908 -0.10213175718699774 -0.13990144667118534 -7.632901595929368e-07 -0.012243036225488358 -0.0008619132634727214
-0.025809125873450783 -0.06538539095399169 1.0550875395133437 0.060489022028822954 0.02931613478541281 -0.07433444271908955 0.9949653426531411 -0.1780817831429759 -0.5230726122944673 -0.30466094902811824 0.14806385468998134 -0.0847067646814408 -0.39598086183867975 0.6105324545242135 -0.26409246439019674 -0.04042272015786603 0.01459900824586787 -0.014326903996004422 0.04044428098383537 0.5750695817721548 -0.9704673305514125 -1.4204974708290177 0.311383981124269 0.009625315086222924 -0.12004725028543935 -2.722547838949543e-07 -0.31104390084289324 -0.575080598283077 0.34866944264753447 -1.4203768909236971 -0.32004976155286907 -0.10212535879246737 -0.1398542293198718 -8.328309047796362e-07 -0.012241088787735721 -0.0008651530687664744
-0.025829344955182836 -0.06538756371633146 1.0550903481705494 0.060537721607335844 0.029337382873002534 -0.07430526020076522 0.9949639342887018 -0.17808843450691816 -0.5230915650322058 -0.3046131710331454 0.1480006572865496 -0.08484061078826102 -0.3960579884334201 0.6105297105757117 -0.2640518404333756 -0.04038786760648023 0.014544055992431396 -0.01427584464839557 0.04037867116900112 0.5750702732679517 -0.9706030241003615 -1.420496896524087 0.3113854214160122 0.009613209409302123 -0.12001518464035045 -2.703185787341076e-07 -0.31106570979767195 -0.5750810004232363 0.34879899068838294 -1.4203785710303916 -0.3200573150453732 -0.10211886356447071 -0.13980709527309373 -9.088142297412249e-07 -0.012239140188435037 -0.0008683862146689964
-0.025849740825819218 -0.0653897350501591 1.0550929742566295 0.060585185458951585 0.029358209362343006 -0.07427586840665644 0.9949626255384563 -0.17809473996747682 -0.5231103981913585 -0.3045655806258473 0.14793715072385477 -0.08497083889299883 -0.3961347192465678 0.610527583650748 -0.26401159421250703 -0.040354089712815455 0.014489023459634697 -0.014224213429530567 0.04031338524524626 0.575070929309337 -0.9707375032750895 -1.4204963236337709 0.3113868733151576 0.009601260222463045 -0.11998320530453442 -2.681964655261939e-07 -0.31108697868798185 -0.5750812944982597 0.34892891222459804 -1.4203802279043471 -0.320064846387711 -0.10211227087130635 -0.13976003452177718 -9.91704213671891e-07 -0.012237191818500089 -0.000871612488552277
-0.025870311558691704 -0.065391905138317 1.0550954018627137 0.060631423535321326 0.02937860138191551 -0.0742462711746079 0.9949614160748091 -0.17810069267653292 -0.5231290982748706 -0.3045181628312149 0.14787334300792102 -0.08509747375392678 -0.39621109748638456 0.6105262541459747 -0.2639718350372105 -0.04032137987616677 0.014433902165674792 -0.014171996962824434 0.040248428105232284 0.575071543913528 -0.9708707672627223 -1.4204957410125865 0.3113883371129758 0.009589469586096175 -0.11995130549551464 -2.6592286556634476e-07 -0.3111077082373233 -0.5750814617107917 0.3490592304316492 -1.4203818429554902 -0.320072356834894 -0.10210558053013231 -0.13971303678780347 -1.0819558668577341e-06 -0.012235245099421069 -0.0008748316510172864
-0.025891055103046776 -0.06539407394855155 1.0550976124037539 0.06067644646679044 0.02939854520190075 -0.07421647231909734 0.9949603055502683 -0.17810628610657137 -0.5231476497897426 -0.3044708997685238 0.14780924207534513 -0.08522054203121303 -0.39628717634602895 0.6105259296572922 -0.26393268762355154 -0.04028973082451487 0.0143786836204725 -0.014119181016766312 0.04018380456004791 0.5750721106784376 -0.9710028135672001 -1.420495135517519 0.31138981311055985 0.00957783989585768 -0.11991947820147196 -2.635414020055486e-07 -0.3111278988546823 -0.5750814820059184 0.3491899658499224 -1.4203833944536015 -0.320079847632396 -0.10209879287451405 -0.1396660916388122 -1.180006295297235e-06 -0.012233301464358505 -0.000878043435670149
-0.0259119692842699 -0.06539624120148325 1.055099584354264 0.06072026564168092 0.029418026220142016 -0.07418647562038228 0.994959293593834 -0.17811151412814155 -0.5231660351464005 -0.3044237704469866 0.14774485576422539 -0.08534007253833858 -0.3963630201761769 0.6105268476036391 -0.2638942935078585 -0.040259134519045926 0.014323359357183825 -0.01406575054212704 0.040119519176113554 0.5750726228054687 -0.9711336376984032 -1.4204944918583753 0.3113913016101398 0.009566373899573877 -0.1198877162762772 -2.611073855151994e-07 -0.3111475504927564 -0.5750813341759893 0.34932113566261663 -1.4203848573066002 -0.3200873199884328 -0.10209190882601983 -0.1396191886228927 -1.286264229373487e-06 -0.012231362334992134 -0.0008812475432779292
-0.02593305180587416 -0.06539840633474615 1.055101292974502 0.06076289329267245 0.029437028956052252 -0.07415628481066923 0.9949583798069257 -0.17811637113286805 -0.5231842345826737 -0.3043767506028196 0.1476801917778633 -0.08545609651985377 -0.3964387057228173 0.6105292779397977 -0.2638568124997022 -0.040229582047551435 0.014267920962843397 -0.014011689723949974 0.04005557608834613 0.575073073134773 -0.9712632328314638 -1.4204937924729655 0.31139280290742694 0.009555074719560262 -0.11985601254564646 -2.586879854469087e-07 -0.3111666624829091 -0.5750809960111322 0.3494527528979378 -1.420386202872487 -0.32009477504663325 -0.10208492996515602 -0.13957231744424517 -1.4010988828709525e-06 -0.01222942908966321 -0.0008844436424038243
-0.025954300253777568 -0.0654005684631159 1.0551027100297277 0.060804342590513774 0.02945553705219108 -0.07412590355957151 0.9949575637586657 -0.17812085216986664 -0.5232022261353425 -0.30432981256965125 0.14761525764574807 -0.08556864795686567 -0.3965143234184374 0.6105335259327442 -0.26382042415949225 -0.040201063505846096 0.014212360112081419 -0.01395698204329716 0.039991978788836 0.575073454194338 -0.9713915894327254 -1.420493017433793 0.3113943172821383 0.009543945872848613 -0.11982435993778066 -2.563631144751595e-07 -0.3111852333459088 -0.5750804445011674 0.3495848255526481 -1.4203873988246005 -0.320102213853443 -0.10207785860230113 -0.139525468175035 -1.5248277047054066e-06 -0.012227503023196152 -0.0008876313702040692
-0.0259757121033381 -0.06540272633439186 1.0551038035057512 0.060844627745365004 0.029473533284632793 -0.07409533545881311 0.9949568449804712 -0.17812495309549634 -0.5232199856749956 -0.3042829251930348 0.1475500606816284 -0.08567776390186396 -0.39658997871535673 0.6105399349693645 -0.2637853292819668 -0.04017356786635851 0.014156668603237587 -0.013901610346978493 0.039928729891783386 0.5750737582656812 -0.9715186948520037 -1.420492144399312 0.31139584498649786 0.009532991288516856 -0.11979275164158436 -2.5422625672388885e-07 -0.3112032605789633 -0.5750796560958631 0.3497173556370875 -1.4203884090917684 -0.32010963732001546 -0.102070697847041 -0.1394786315080047 -1.6577035842352013e-06 -0.012225585296913678 -0.0008908103335167529
-0.0259972847296698 -0.0654048782808359 1.0551045373247463 0.06088376411601961 0.029490999583281354 -0.07406458400607291 0.9949562229599105 -0.1781286707360395 -0.523237487022571 -0.3042360538013197 0.14748460793835155 -0.0857834848443335 -0.3966657934466117 0.6105488893557934 -0.2637517513627251 -0.0401470828331067 0.014100838395822416 -0.013845556922535545 0.039865830876563195 0.5750739774694801 -0.9716445328813471 -1.4204911486257774 0.3113973862314939 0.009522215321203516 -0.11976118129577872 -2.523851565780672e-07 -0.3112207404207663 -0.5750786070307595 0.34985033814360794 -1.4203891938997528 -0.3201170461783325 -0.10206345167392153 -0.13943179905459516 -1.7999015111734865e-06 -0.012223676877203554 -0.0008939801103535734
-0.02601901542181663 -0.0654070221660234 1.055104871066171 0.06092176832719714 0.02950791706331248 -0.07403365258776431 0.9949556971337901 -0.1781320030626209 -0.5232547021687163 -0.3041891602467369 0.14741890615895686 -0.08588585510839801 -0.3967419071959993 0.6105608170601942 -0.2637199380203766 -0.04012159468235667 0.014044861647855195 -0.013788803574583033 0.03980328181214333 0.5750741038751053 -0.971769083281095 -1.4204900030591523 0.3113989411704491 0.009511622759541982 -0.11972964321247302 -2.5096243272778675e-07 -0.31123766759809457 -0.5750772737262154 0.34998375994314807 -1.420389709947887 -0.3201244409305505 -0.10205612498542112 -0.13938496368632644 -1.951508863570176e-06 -0.012221778461087896 -0.0008971402519201465
-0.02604090140140861 -0.0654091553270448 1.0551047596986265 0.06095865839493281 0.02952426606888102 -0.07400254446043276 0.9949552668804591 -0.1781349493768842 -0.5232716016196818 -0.3041422030317208 0.14735296172330417 -0.08598492328318295 -0.3968184786542898 0.6105761923410102 -0.2636901623416468 -0.04009708808847749 0.013988730750930566 -0.013731331697263085 0.03974108106798366 0.5750741296388798 -0.9718923212751287 -1.420488678530621 0.31140050988002427 0.00950121882867364 -0.11969813263876675 -2.5009586534577354e-07 -0.311254035058823 -0.5750756332666714 0.3501175986162816 -1.420389910755445 -0.3201318217925156 -0.10204872366353375 -0.13933811993732018 -2.112517227264183e-06 -0.012219890386541084 -0.0009002902851886208
-0.02606293984646486 -0.06541127451210178 1.0551041533295504 0.060994453859981285 0.029540026230215267 -0.07397126273026798 0.9949549315113376 -0.17813751050576893 -0.5232881548960561 -0.30409513753707995 0.14728678058916106 -0.08608074268614863 -0.39689568693377997 0.6105955381923323 -0.2636627241112359 -0.040073545934713045 0.013932438360316391 -0.013673122335952461 0.03967922501849837 0.5750740471767923 -0.9720142170180481 -1.4204871440837987 0.311402092338227 0.009491009185278365 -0.11966664606019313 -2.499384182616925e-07 -0.3112698336994213 -0.575073663967673 0.3502518212300181 -1.4203897472245255 -0.3201391886306752 -0.1020412546094031 -0.1392912644663692 -2.2828226947944287e-06 -0.012218012525923194 -0.0009034297161163054
-0.026085127921030255 -0.06541337581369523 1.0551029969808563 0.06102917592888535 0.029555176535116807 -0.07393981033002478 0.9949546902617119 -0.17813968900296875 -0.5233043312125932 -0.30404791636948325 0.14722036822630027 -0.08617337185868318 -0.39697373280754694 0.6106194285260651 -0.263637950881933 -0.040050949108994434 0.013875977416544892 -0.013614156229597529 0.03961770775077753 0.5750738493785842 -0.9721347350385365 -1.420485367466965 0.31140368839943566 0.009480999903790501 -0.1196351815497041 -2.5065768350756094e-07 -0.31128505209762464 -0.5750713460373459 0.35038638307528647 -1.4203891684696077 -0.3201465408933995 -0.10203372576331031 -0.13924439659111945 -2.4622375342836047e-06 -0.012216144160619415 -0.0009065580335278381
-0.0261074628113482 -0.06541545459780822 1.055101230399938 0.061062847622094046 0.02956969541573994 -0.07390818999240707 0.9949545422808761 -0.1781414893541109 -0.5233201003687883 -0.30400048984638517 0.14715372954172243 -0.08626287509219469 -0.39705283983344 0.6106484899978064 -0.2636161988338197 -0.040029276285401344 0.013819341154242824 -0.013554413822825977 0.03955652078813831 0.5750735298714162 -0.9722538336643609 -1.4204833158293546 0.31140529776505693 0.00947119745118841 -0.1196037391657291 -2.524349991987844e-07 -0.31129967626564853 -0.5750686623380219 0.35052122638428285 -1.4203881229777675 -0.32015387752507896 -0.10202614609944395 -0.13919751887866863 -2.650518973652707e-06 -0.012214283836537419 -0.0009096747130780715
-0.02612994176916434 -0.06541750542974159 1.0550987879169325 0.061095493928032166 0.02958356085151749 -0.07387640421856383 0.9949544866217598 -0.17814291818323813 -0.5233354338794408 -0.30395280663731017 0.14708686879335872 -0.08634932298122133 -0.39713325531588956 0.610683403368719 -0.2635978533638251 -0.04000850369261556 0.0137625230930263 -0.01349387523591449 0.03949565284505303 0.5750730833430422 -0.9723714644376926 -1.4204809566665457 0.3114069199512525 0.009461608649308778 -0.11957232140287744 -2.554637125388905e-07 -0.31131368944295146 -0.5750655992556939 0.35065627906208013 -1.4203865601667298 -0.32016119688477146 -0.10201852560332345 -0.13915063780668216 -2.8474351628213855e-06 -0.012212429199049342 -0.0009127792226353246
-0.026152562162704014 -0.06541952199764574 1.055095598360772 0.061127141961375316 0.0295967504887374 -0.07384445524015004 0.9949545222302508 -0.1781439844565455 -0.523350306372606 -0.30390481457861684 0.14701978948931343 -0.0864327929976692 -0.3972152510500945 0.6107249042795744 -0.26358332933869844 -0.039988604871762604 0.013705517004429664 -0.013432520178064605 0.03943508963309333 0.5750725059361865 -0.9724875715315312 -1.4204782590664082 0.3114085542529063 0.009452240622032721 -0.11954093369754801 -2.5994660057130953e-07 -0.3113270719532127 -0.5750621476799739 0.3507914534667317 -1.4203844324142778 -0.32016849665910896 -0.10201087521685968 -0.1391037644917907 -3.0528790632701307e-06 -0.012210576808716192 -0.0009158710283224152
-0.026175321535633067 -0.06542149703526731 1.055091585048368 0.06115782112291443 0.029609241777158356 -0.0738123449730582 0.9949546479344964 -0.17814469967968508 -0.5233646972773653 -0.30385646167731994 0.14695249426911552 -0.0865133700771513 -0.39729912378417914 0.610773783295109 -0.26357307093532767 -0.0399695504273996 0.013648316848250599 -0.013370327788506385 0.03937481374119638 0.5750717957278701 -0.9726020911821593 -1.420475195312819 0.311410199703916 0.009443100724790198 -0.11950958498962809 -2.66092283482252e-07 -0.3113398011563187 -0.5750583040966445 0.3509266452870584 -1.4203816976380854 -0.3201757737710516 -0.10200320674424856 -0.13905691548085145 -3.267057620392017e-06 -0.012208721940978252 -0.0009189496011621852
-0.026198217673952574 -0.06542342224607064 1.055086665863319 0.06118756325716632 0.029621012123921504 -0.07378007496070513 0.9949548624345717 -0.1781450780850991 -0.5233785928149294 -0.3038076973161281 0.14688498476315642 -0.08659114720404819 -0.3973851953245623 0.6108308850561667 -0.2635675509819491 -0.03995130777728111 0.013590916671501495 -0.013307276389798062 0.03931480461741937 0.5750709533094904 -0.972714951157789 -1.420471742908721 0.3114118550341068 0.009434196453323614 -0.11947828833977532 -2.7411005195768566e-07 -0.31135185153309847 -0.5750540717921861 0.3510617325818671 -1.4203783225059707 -0.3201830242867402 -0.10199553271104608 -0.1390101135952972 -3.490790641933208e-06 -0.012206858376478284 -0.0009220144242347673
-0.02622124868020264 -0.06542528823174434 1.0550807534428959 0.061216402802181734 0.029632039065027496 -0.07374764630473846 0.9949551642930051 -0.17814513680636287 -0.5233919882920813 -0.303758473666563 0.14681726142664464 -0.08666622597597776 -0.3974738121979881 0.6108971063529716 -0.2635672697017097 -0.03993384090906355 0.013533310463753376 -0.013243343139466363 0.039255038682922766 0.5750699824854123 -0.9728260702907938 -1.4204678870822536 0.3114135186235981 0.009425535329034925 -0.11944706159676001 -2.84203474719408e-07 -0.3113631949481779 -0.5750494621658757 0.3511965750627782 -1.4203742863511883 -0.32019024332369744 -0.10198786616807785 -0.1389633888110331 -3.725962902208684e-06 -0.012204978194064691 -0.0009250650001886419
-0.026244413053459474 -0.06542708442923066 1.0550737554948537 0.06124437692365432 0.029642300454943073 -0.07371505958138468 0.9949555519267608 -0.1781448960375046 -0.5234048906738568 -0.30370874730940084 0.14674932334537663 -0.08673871712035192 -0.39756534477007077 0.6109733929038579 -0.2635727527454921 -0.03991711015549298 0.013475491964632408 -0.013178503571149398 0.03919548961158894 0.5750688911088736 -0.9729353581106741 -1.4204636238356019 0.31141518845600275 0.009417124757638519 -0.11941592810560683 -2.965740927784175e-07 -0.3113738011444529 -0.5750444961396799 0.3513310137261458 -1.420369585851853 -0.32019742496500553 -0.10198022043147335 -0.138916779145129 -3.9761779741823925e-06 -0.012203071586530953 -0.0009281008589112562
-0.026267709772252283 -0.06542879906190334 1.0550655752690765 0.06127152562235535 0.029651774675629343 -0.07368231474261248 0.9949560236013777 -0.17814437917680973 -0.5234173213805701 -0.3036584810509819 0.14668116801284622 -0.0868087409253204 -0.39766018570384 0.6110607345873779 -0.2635845483826186 -0.03990107200400922 0.013417454423661613 -0.013112731026724746 0.03913612880846142 0.5750676920697685 -0.9730427146245042 -1.420458963561664 0.3114168620675944 0.009408971825895385 -0.11938491751148753 -3.113861149901748e-07 -0.3113836385314391 -0.5750392056485023 0.35146487096919377 -1.4203642405024266 -0.3202045621853333 -0.10197260875109691 -0.138870331504024 -4.247652058220784e-06 -0.012201126729470805 -0.0009311215658804264
-0.026291138375558964 -0.06543041911252423 1.0550561122130113 0.06129789179897975 0.029660440868259013 -0.07364941100367567 0.9949565774280367 -0.1781436129569211 -0.5234293192055843 -0.3036076459115523 0.1466127910834459 -0.08687642753153349 -0.39775874762484525 0.611160158831572 -0.2636032236951603 -0.03988567896312033 0.013359190319733299 -0.013045995998921336 0.03907692612193513 0.5750664044557617 -0.9731480303210504 -1.420453935291206 0.3114185365081275 0.00940108309639159 -0.11935406648141612 -3.287656040989039e-07 -0.3113926753354929 -0.5750336351808883 0.3515979513605689 -1.420358298848632 -0.32021164679932784 -0.1019650438986119 -0.13882410242665538 -4.550352069283504e-06 -0.012199129756182694 -0.0009341267292991747
-0.026314699034085436 -0.06543193032821122 1.055045262845488 0.06132352125490198 0.029668279193709398 -0.07361634672230244 0.9949572113643106 -0.17814262756603386 -0.5234409431869884 -0.3035562232439765 0.14654418611442388 -0.08694191701306225 -0.39786145983552873 0.611272721802901 -0.26362935959005956 -0.03987087951544529 0.013300691061514958 -0.012978265434868928 0.03901785081387569 0.5750650548865994 -0.9732511864876344 -1.4204485915126657 0.31142020831474726 0.00939346436550532 -0.11932341936964237 -3.48783644090059e-07 -0.31140088118735865 -0.575027843322506 0.3517300432806431 -1.420351845365223 -0.320218669444614 -0.10195753767228027 -0.13877815862223908 -4.899296659672435e-06 -0.012197064912180684 -0.0009371160064048102
-0.026338392599839087 -0.06543331727112434 1.0550329218904475 0.06134846259887423 0.029675271133275897 -0.07358311928163741 0.994957923219221 -0.17814145676908888 -0.5234522751747223 -0.3035042069215787 0.14647534432362608 -0.08700535914942534 -0.39796876389550584 0.611399496958387 -0.2636635444013801 -0.03985661819794866 0.01324194671166134 -0.012909502099934016 0.03895887279811385 0.5750636790034348 -0.9733520559645883 -1.4204430134352974 0.31142187351055656 0.009386120386834309 -0.11929302874600223 -3.7143548308124943e-07 -0.3114082292237071 -0.5750219042251627 0.35186092169754185 -1.4203450077075517 -0.320225619617548 -0.10195010032209134 -0.13873257715766202 -5.3158112422732765e-06 -0.012194915001930515 -0.0009400891083805375
-0.02636222061605991 -0.06543456343313407 1.0550189837214188 0.06137276701843787 0.029681399849475164 -0.07354972500010157 0.9949587106628524 -0.17814013804327045 -0.5234634217097766 -0.3034516055111513 0.14640625441302177 -0.08706691275625719 -0.3980811078518032 0.6115415604170714 -0.2637063657971054 -0.039842835863624235 0.013182945812248254 -0.012839664176819485 0.03889996413003709 0.5750623230532922 -0.9734505045018585 -1.420437316407017 0.311423527646442 0.00937905456926894 -0.11926295566064335 -3.9661504778998347e-07 -0.311414698774088 -0.5750159088764047 0.35199035240013593 -1.420337963837291 -0.3202324857870874 -0.10194273991500605 -0.13868744508445996 -5.828401017726386e-06 -0.012192662295513036 -0.0009430458026899067
-0.02638618526131368 -0.06543565143870032 1.055003344180192 0.06139648785956469 0.029686650639601016 -0.0735161591091552 0.9949595712400329 -0.1781387127461113 -0.5234745146624258 -0.30339844432096474 0.14633690254473034 -0.08712674439659678 -0.39819893886202745 0.611699972459877 -0.2637584006243299 -0.03982947019677252 0.01312367544262788 -0.012768705388263043 0.03884110068280226 0.5750610454331151 -0.9735463929287754 -1.4204316549357425 0.31142516591573577 0.00937226867246184 -0.11923326945040649 -4.240840453261618e-07 -0.3114202786848301 -0.5750099659712147 0.3521180980802183 -1.4203309481725306 -0.32023925562616734 -0.10193546176982712 -0.13864285821601072 -6.472909478103875e-06 -0.01219029014740565 -0.0009459859117413457
-0.026410289185900954 -0.06543656336803946 1.0549859028483408 0.06141967994139702 0.029691011544641453 -0.07348241586714609 0.994960502385738 -0.17813722634774734 -0.5234857098564115 -0.3033447672173378 0.14626727261117992 -0.08718502624773582 -0.39832269393096525 0.6118757542783138 -0.26382020221914865 -0.03981645657361787 0.01306412170502461 -0.012696576173573587 0.03878226389710667 0.5750599179289486 -0.9736395804495233 -1.4204262263179968 0.3114267833892793 0.009365762541793207 -0.11920404678617967 -4.534355891682342e-07 -0.3114249710038229 -0.5750042022932866 0.3522439271561739 -1.4203242554719004 -0.32024591628953203 -0.10192826736001291 -0.1385989185311381 -7.0738124536398005e-06 -0.012187785608685468 -0.0009489093123657535
-0.02643453519807171 -0.0654372812421052 1.0549665658836527 0.0614423984886276 0.029694474169486323 -0.07344848891271749 0.994961501440232 -0.17813572879923564 -0.5234971825359603 -0.3032906380142484 0.14619734701624504 -0.08724193276585467 -0.39845278830322783 0.6120698587316222 -0.2638922845127941 -0.039803729404955336 0.013004271000748725 -0.012623226421849381 0.0387234422920997 0.5750590261424727 -0.9737299292426975 -1.4204212712809328 0.31142837545206503 0.009359534005232853 -0.11917536953464893 -4.840456686375246e-07 -0.3114287960381939 -0.5749987612151621 0.3523676238791766 -1.42031823984993 -0.3202524552966397 -0.10192115473832353 -0.1385557299382681 -7.620050636860937e-06 -0.012185143674327763 -0.0009518159095970111
-0.026458925714187547 -0.06543778772422704 1.0549452495520213 0.06146469755700882 0.02969703486297729 -0.07341437203192838 0.9949625656544724 -0.17813427511617988 -0.5235091182116305 -0.3032361413428264 0.14612710832283346 -0.0872976357829227 -0.3985896011320146 0.6122831336065288 -0.26397510209967634 -0.039791224108465306 0.012944112534849497 -0.012548611091379254 0.03866463237104521 0.5750584682365946 -0.9738173108584894 -1.4204170688092088 0.31142993856353873 0.009353579098043192 -0.1191473207106677 -5.150225751519076e-07 -0.3114317970418782 -0.5749937995502361 0.35248900249425624 -1.4203133060341988 -0.32025886130676035 -0.1019141183564845 -0.13851339102920252 -8.10112567320673e-06 -0.012182373643544206 -0.0009547056295534771
-0.02648346189144609 -0.06543806710882405 1.0549218846542243 0.06148662774611838 0.02969869638286355 -0.0733800605856526 0.9949636921767622 -0.1781329263607655 -0.5235216967461122 -0.30318138274989415 0.14605654227615386 -0.08735229742870856 -0.3987334576655622 0.6125162751486884 -0.26406902504130525 -0.03977887993755937 0.012883642719745441 -0.01247270002168074 0.03860583826489186 0.5750583504460343 -0.9739016145379217 -1.420413920762366 0.31143147155247036 0.00934789300245827 -0.11911997750519443 -5.451409421872016e-07 -0.311434044804686 -0.5749894803274176 0.3526079234551247 -1.4203098871130628 -0.3202651256049615 -0.10190715061299127 -0.13847198400067182 -8.508151326041747e-06 -0.012179508542623414 -0.0009575784063592353
-0.026508142330043706 -0.06543810668776348 1.0548964221206476 0.06150823293578573 0.02969947022107386 -0.07334555395438057 0.9949648780056659 -0.17813175131104328 -0.5235350668171473 -0.3031264877237712 0.14598564293693853 -0.0874060601108549 -0.39888460692835787 0.6127697688297286 -0.2641743067336963 -0.039766643951189146 0.012822872173220376 -0.012395494073296763 0.03854706943707007 0.5750587767007085 -0.9739827575183566 -1.4204121191183863 0.31143297779006623 0.009342472374408859 -0.11909339978945148 -5.727588612197786e-07 -0.3114356403363366 -0.5749859587029934 0.3527243103622601 -1.4203084004129343 -0.3202712442997449 -0.10190024579941846 -0.13843155779036562 -8.835395607765298e-06 -0.012176618084693724 -0.000960434227454808
-0.026532961228591067 -0.06543789861437924 1.0548688401843005 0.06152954566853312 0.029699379693631175 -0.07331085951003638 0.9949661198922992 -0.17813082876400504 -0.5235493069450926 -0.3030715986602769 0.14591442097907809 -0.08745903243883825 -0.3990431930668017 0.6130438129584407 -0.26429104247176183 -0.03975447652544553 0.012761835600623253 -0.012317050429082458 0.03848833634772721 0.5750598278386608 -0.974060696984152 -1.4204118843973863 0.3114344687947367 0.009337320233579251 -0.11906761163160635 -5.957044882244006e-07 -0.31143671156724534 -0.5749833555064127 0.3528381628555594 -1.4203091678268818 -0.3202772215593066 -0.10189340887222197 -0.1383921026297636 -9.082501892558811e-06 -0.012173822969734054 -0.0009632734168897772
-0.02655790587500037 -0.06543744245368692 1.054839153794796 0.06155058058598069 0.029698463571529835 -0.07327599906099072 0.9949674141662292 -0.1781302456134482 -0.5235643688866337 -0.30301686509869663 0.14584291711965142 -0.08751126929030928 -0.399209216590893 0.6133382184339902 -0.2644191152892248 -0.03974235904028305 0.012700603254468364 -0.0122375212845661 0.038429646810419764 0.575061522806909 -0.9741354433484065 -1.4204132566237213 0.31143597004897144 0.009332455157556992 -0.11904257189677922 -6.11108099528102e-07 -0.311437393225371 -0.57498170784395 0.35294955381935483 -1.420312276726992 -0.32028307427292557 -0.10188667353597314 -0.13835351136016721 -9.257605687478021e-06 -0.012171292591564149 -0.0009660977500234367
-0.026582953230644572 -0.0654367489122356 1.0548074275562396 0.06157132461905473 0.029696778452523512 -0.07324102176364694 0.994968756326154 -0.1781300440884587 -0.5235800059830314 -0.3029623980914071 0.1457712289185718 -0.08756274198657132 -0.3993824749802333 0.6136522726622249 -0.2645581236949687 -0.03973030511284214 0.012639291223842965 -0.012157214387662877 0.03837101421713884 0.5750637494114783 -0.9742070781563575 -1.420415904242325 0.3114375285121597 0.00932792482507044 -0.11901813327115428 -6.152595722631919e-07 -0.3114377595697538 -0.5749808750857766 0.35305858438522364 -1.4203173296777385 -0.32028883448398865 -0.10188013475283375 -0.1383155308865078 -9.381632731753292e-06 -0.012169124783932287 -0.0009689147807028167
-0.02660806448336396 -0.06543584725896023 1.0547737967205106 0.061591717858196046 0.029694386323833963 -0.07320605337183843 0.994970138979983 -0.17812972551658796 -0.5235957572062216 -0.30290796756763827 0.14569961220919395 -0.08761328016354276 -0.3995624279560752 0.6139845293059837 -0.2647072776009619 -0.03971838116409641 0.012578098920753745 -0.0120766931050538 0.03831249602485431 0.5750661362458523 -0.9742757997457032 -1.4204186750712091 0.3114391650298783 0.009323740069222694 -0.11899436280866708 -6.070537805681412e-07 -0.3114376094452363 -0.5749803283993896 0.35316520761913767 -1.4203227593398555 -0.3202943963030004 -0.10187375477675611 -0.13827841651840642 -9.503935443162159e-06 -0.012166567715570552 -0.000971810357828396
-0.02663321253008759 -0.06543475766869064 1.0547383760406233 0.06161172216922014 0.02969133467697547 -0.07317115404727591 0.9949715586647854 -0.17812917880166237 -0.523611270784654 -0.3028535283821477 0.14562818960577398 -0.08766277317252473 -0.39974861608008866 0.6143337826690822 -0.2648659231035304 -0.039706631907126796 0.012517132930188102 -0.011996310191624508 0.03825413399026011 0.5750684975029804 -0.9743417184070745 -1.420421013865913 0.31144087985252306 0.009319932975107574 -0.11897107336515415 -5.917214925238147e-07 -0.3114369269385276 -0.5749797605415 0.3532694860170178 -1.420327788443149 -0.32029984978274756 -0.10186759624814601 -0.1382419579511041 -9.586859561786456e-06 -0.012163637302223803 -0.0009747751879419243
-0.02665837694052756 -0.06543349480140959 1.0547012681287877 0.06163131260844663 0.02968765699298595 -0.07313635392591532 0.9949730137359757 -0.17812836396308906 -0.5236263157989558 -0.3027990656130072 0.14555702275487573 -0.08771114709756317 -0.3999406153836349 0.6146989754621367 -0.2650334932432389 -0.03969508805802938 0.012456448717503656 -0.01191630592461609 0.03819596376891458 0.5750707529628879 -0.9744049086603923 -1.4204226493696015 0.3114426753945872 0.009316522503867386 -0.11894815294987128 -5.727838108184242e-07 -0.311435760308221 -0.5749789858439788 0.3533715031848437 -1.4203319978896785 -0.3203052468479668 -0.10186168709568907 -0.13820600948339082 -9.610196249462349e-06 -0.01216044305291609 -0.000977802094507454
-0.026683541770962042 -0.06543206943478455 1.0546625678287698 0.061650473175800524 0.029683376323225555 -0.07310166526380915 0.994974503624546 -0.17812725886974184 -0.5236407510099969 -0.302744570671381 0.14548613697042492 -0.0877583533896364 -0.40013802190708186 0.61507914776767 -0.2652094786290019 -0.03968377036872069 0.012396064963080435 -0.011836851627881891 0.03813802201623371 0.5750728828538382 -0.9744654167157839 -1.4204234740216395 0.3114445518948245 0.009313517240906498 -0.11892553934381819 -5.524010317952065e-07 -0.3114341764581961 -0.5749778929810452 0.3534713289575434 -1.4203351807641995 -0.32031061511799075 -0.10185603753585562 -0.13817048085107414 -9.560850054092788e-06 -0.01215707759980394 -0.0009808853331043689
-0.026708694122791275 -0.06543048951566617 1.0546223651768523 0.06166919403463136 0.029678508620710132 -0.07306708880281762 0.9949760284383994 -0.17812584975765686 -0.5236544962415816 -0.30269003872309597 0.14541553412930644 -0.0878043613971315 -0.40034044341572583 0.6154734018676356 -0.2653934067825323 -0.039672692362406385 0.01233597434012593 -0.011758076093243176 0.03808034585531956 0.5750749009639083 -0.9745232646524659 -1.4204234726906606 0.3114465077698264 0.009310919980147533 -0.11890320260160785 -5.319055267975815e-07 -0.3114322427182238 -0.5749764180199036 0.3535690053376868 -1.4203372579308453 -0.3203159680912336 -0.10185064990873177 -0.13813532094398523 -9.430734408403021e-06 -0.01215360630593466 -0.0009840202882696286
-0.026733823115130128 -0.06542876093129246 1.0545807476083175 0.06168746951267044 0.02967306521677974 -0.07303261786175468 0.9949775887094257 -0.1781241277512609 -0.5236675113227929 -0.30263546810244457 0.1453452009653934 -0.08784915291209333 -0.4005474933262175 0.6158808762533317 -0.2655848269272153 -0.03966186237072129 0.012276151920149738 -0.01168008283941259 0.03802297095625319 0.5750768388987445 -0.9745784543121291 -1.4204226794484702 0.3114485397929268 0.009308730389286679 -0.1188811338028032 -5.121660894893599e-07 -0.31143001904002043 -0.5749745281621303 0.35366454208459935 -1.4203382247781446 -0.3203213108395065 -0.10184552328175343 -0.13810050691589928 -9.21477241624339e-06 -0.012150073046064996 -0.0009872029013103998
-0.026758919149750773 -0.06542688808834618 1.0545378017027491 0.06170529664091082 0.02966705461836902 -0.07299824114983204 0.9949791852223637 -0.17812208619336106 -0.5236797813846579 -0.3025808596492058 0.14527511477823515 -0.0878927181361414 -0.4007587857035865 0.616300725477325 -0.2657832982782207 -0.039651285059495826 0.012216561397525597 -0.011602961620680545 0.03796593022713636 0.5750787369792394 -0.9746309710334208 -1.4204211516576293 0.31145064285323093 0.009306946275125154 -0.11885933766815204 -4.938517917498959e-07 -0.31142755467516214 -0.5749722117435272 0.35375791669992074 -1.4203381173265621 -0.3203266440814727 -0.10184065538241224 -0.13806603691054772 -8.908998801684118e-06 -0.01214650696412161 -0.0009904290530731114
-0.026783973373688215 -0.0654248743496974 1.0544936146322044 0.061722674089525156 0.029660483931218257 -0.07296394492168996 0.994980818879273 -0.17811971771238894 -0.5236913069923764 -0.30252621629705145 0.14520524779794702 -0.08793505277139783 -0.40097393113173524 0.6167321037477791 -0.2659883804825683 -0.03964096253304598 0.012157160003770618 -0.011526796382624186 0.037909253378272216 0.5750806389936104 -0.9746807870872676 -1.420418954769431 0.3114528093065279 0.009305563889547853 -0.11883782759501521 -4.776441383805425e-07 -0.3114248872506564 -0.5749694723702421 0.35384907675838867 -1.420336991250641 -0.32033196815638376 -0.10183604317021978 -0.1380319253593598 -8.50859218231069e-06 -0.012142928059173237 -0.0009936939291481566
-0.0268089772329305 -0.06542272236753986 1.054448275402686 0.06173960141268658 0.029653360305681227 -0.07292971503216922 0.9949824905521255 -0.17811701035976127 -0.5237020979771355 -0.3024715438571342 0.1451355713156535 -0.08797615611099484 -0.40119253380098663 0.6171741508405204 -0.26619962517498325 -0.039630895053179065 0.012097903524958284 -0.011451671631479924 0.03785296684682357 0.5750825891410926 -0.9747278649677298 -1.4204161535453002 0.3114550278107467 0.00930457738255782 -0.11881662209581331 -4.644412102735679e-07 -0.311422044039615 -0.5749663264905368 0.35393794461901806 -1.4203349101993215 -0.32033728870049044 -0.10183168299298256 -0.13799820031540752 -8.005726313317451e-06 -0.012139351677414893 -0.0009969913026547715
-0.026833921949886166 -0.06542043433392841 1.0544018759119074 0.06175607859517674 0.02964569312605527 -0.07289553930942158 0.9949842008717579 -0.17811394465722571 -0.5237121698900986 -0.30241685628313464 0.14506606038470848 -0.08801603029769199 -0.40141419115445337 0.6176259793326645 -0.2664165677005899 -0.039621081317411634 0.012038753309130332 -0.011377680091803849 0.037797092671627515 0.5750846302869209 -0.9747721613889448 -1.420412806679543 0.31145728185257127 0.009303977064836589 -0.1187957416982462 -4.5527930211322876e-07 -0.3114190471297664 -0.5749628050011847 0.3540244268299103 -1.4203319417109082 -0.32034262194984364 -0.10182757245356497 -0.13796490261242048 -7.386263457212989e-06 -0.0121357903490038 -0.0010003128027825747
-0.0268587974465254 -0.0654180118832735 1.0543545113815587 0.0617721067063567 0.02963750031340215 -0.07286140684425342 0.9949859500520134 -0.17811054207129026 -0.5237215351116637 -0.3023622189209322 0.14499669201393517 -0.0880546835179175 -0.4016385054885949 0.6180866652717595 -0.2666387187863484 -0.03961151746232124 0.011979682142957214 -0.011304942401017938 0.03774164133665018 0.5750868053059185 -0.9748136422072227 -1.4204089639617066 0.3114595783635323 0.009303763198766026 -0.11877522169719011 -4.472222173253378e-07 -0.3114159317180465 -0.5749589643414603 0.3541084357570291 -1.4203281706666784 -0.3203479457526834 -0.101823722893881 -0.13793205858454877 -6.670261289570136e-06 -0.012132243768779229 -0.0010036630126932502
-0.026883593088316383 -0.06541545649221389 1.054306281964345 0.06178768661588324 0.02962880367057567 -0.07282730969446456 0.9949877379839284 -0.17810682337161857 -0.5237302083643536 -0.30230771331875367 0.14492744894880716 -0.08809212520117156 -0.40186506676540273 0.6185552363156183 -0.2668655605189946 -0.03960219869736494 0.011920671256722973 -0.011233592409308407 0.037686619751744 0.5750891570313119 -0.9748522742918491 -1.4204046708269886 0.3114619214247929 0.009303933239774177 -0.11875509894162029 -4.379278274612695e-07 -0.3114127320573226 -0.5749548733250104 0.3541898734071078 -1.4203236831835686 -0.3203532433582916 -0.10182014574997748 -0.13789970530587878 -5.874945817140268e-06 -0.01212870949249027 -0.0010070454284956704
-0.026908297968757943 -0.06541276961878803 1.0542572940857418 0.06180281848001906 0.029619627225335888 -0.07279324192432297 0.9949895643880416 -0.1781028077490054 -0.523738207110492 -0.3022534303895683 0.14485831787561673 -0.08812836393955514 -0.40209344322754453 0.6190306606530602 -0.26709654153034795 -0.03959312006611129 0.011861706272928601 -0.011163771981440895 0.03763203340873624 0.5750917289787301 -0.974888025573783 -1.4203999710331596 0.31146431270264496 0.009304482421195462 -0.11873541253233146 -4.257565471855202e-07 -0.3114094777244611 -0.5749506079809064 0.35426862709861884 -1.4203185637616587 -0.3203585018650466 -0.10181685202050762 -0.13786788771959343 -5.015981995456092e-06 -0.012125184018464403 -0.00101046258558471
-0.026932901073705707 -0.06540995279379896 1.0542076617429286 0.06181750139345659 0.0296099962836347 -0.07275919883790244 0.9949914289208825 -0.1780985149728493 -0.5237455524984194 -0.30219946800613356 0.1447892879622049 -0.0881634061219882 -0.40232317376993765 0.6195118358326238 -0.26733107170669607 -0.039584276938150226 0.01180277489709562 -0.011095627648759054 0.03757788720448078 0.575094566178758 -0.9749208657871555 -1.4203949097680513 0.31146675204917257 0.009305403918796197 -0.11871620428474515 -4.0957574124147724e-07 -0.31140619312307044 -0.5749462497559289 0.35434456989554153 -1.4203128963508693 -0.32036370972149125 -0.1018138524032553 -0.13783665736962167 -4.108211228062344e-06 -0.012121662859676965 -0.0010139162174972799
-0.026957391410238108 -0.0654070076933283 1.0541575078313656 0.06183173311048313 0.029599936739195996 -0.07272517653242062 0.9949933312459525 -0.17809396731880697 -0.5237522711739703 -0.3021459299037158 0.14472035002077643 -0.08819725490019664 -0.4025537607835423 0.6199975771583024 -0.2675685164550414 -0.03957566536185061 0.011743865577131477 -0.011029307724759695 0.03752418626442372 0.5750977159906286 -0.9749507674889384 -1.42038953724484 0.31146923779168667 0.009306688750623507 -0.11869751914635494 -3.886340402134477e-07 -0.3114028979972584 -0.5749418852522188 0.35441756287966497 -1.4203067676500944 -0.3203688553902566 -0.10181115722667557 -0.13780607185765223 -3.1662848526922556e-06 -0.012118140483771803 -0.00101740730738081
-0.026981758130515687 -0.06540393620131309 1.0541069655389617 0.061845509799102395 0.029589474481120263 -0.07269117172120358 0.9949952710799276 -0.17808919121372319 -0.5237583978355167 -0.3020929251880162 0.14465149620316617 -0.08822990933179986 -0.40278466295659676 0.6204866053989163 -0.2678081904825326 -0.03956728233405341 0.011684966692198099 -0.010964959436601751 0.03747093717910336 0.5751012288542053 -0.9749777072637931 -1.4203839128007545 0.31147176684889905 0.009308325546281445 -0.11867940559847452 -3.624900555474174e-07 -0.31139960821418877 -0.5749376066400078 0.35448745811754356 -1.4203002717658888 -0.32037392649982244 -0.10180877615639145 -0.1377761946800435 -2.2051401768773588e-06 -0.012114610221729237 -0.0010209360677435268
-0.02700599066134598 -0.06540074046866348 1.0540561798368935 0.061858825806024365 0.02957863482805763 -0.07265718180897313 0.9949972482189015 -0.17808421877243408 -0.5237639784152758 -0.3020405681733929 0.14458272019960194 -0.08826136361259014 -0.4030152877468085 0.6209775335878452 -0.2680493510146032 -0.03955912601906918 0.011626066136546946 -0.010902725878947403 0.03741814978055556 0.5751051589700092 -0.9750016670944673 -1.4203781095207577 0.3114743347331103 0.009310300249602875 -0.11866191602641873 -3.309769510619474e-07 -0.3113963366125763 -0.5749335123242802 0.3545541019267168 -1.4202935158178531 -0.320378909223644 -0.10180671771833077 -0.13774709528098308 -1.24031857692619e-06 -0.012111064163292383 -0.0010245018631504011
-0.027030078841153934 -0.06539742297572779 1.0540053090922705 0.06187167341487079 0.029567441955331807 -0.07262320524275565 0.9949992625451187 -0.17807908936732014 -0.5237690737775679 -0.3019889784084396 0.14451401799123662 -0.08829160633646385 -0.40324498333223296 0.621468852688749 -0.268291190351867 -0.03955119593946547 0.01156715131730294 -0.010842742698980773 0.03736583953876321 0.575109564898497 -0.9750226359156853 -1.4203722194122004 0.3114769354685224 0.009312595789811888 -0.11864510702586883 -2.9419314970278144e-07 -0.31139309389941294 -0.5749297076474505 0.35461733837457465 -1.4202866262871792 -0.3203837877921294 -0.10180498866811626 -0.1377188492036318 -2.88136790121549e-07 -0.012107493066937262 -0.0010281030783635184
-0.02705401306097714 -0.06539398660630366 1.0539545268276194 0.06188404257976256 0.029555918303102852 -0.07258924220162964 0.995001314011112 -0.17807385133827622 -0.5237737637997483 -0.30193828080987223 0.14444538928581385 -0.08832061972996531 -0.4034730298927065 0.6219589158774771 -0.2685328276345521 -0.03954349315746093 0.011508209680668957 -0.010785134479696635 0.03731403068766628 0.5751145100511779 -0.9750406113904313 -1.420366359138496 0.31147956144195177 0.009315191746963254 -0.1186290395921098 -2.525143506788503e-07 -0.31138988963026193 -0.5749263055030038 0.3546770130984725 -1.4202797559712772 -0.32038854411163253 -0.10180359321407002 -0.137691538234912 6.343330451982163e-07 -0.012103886335843242 -0.001031736927375616
-0.027077784401928564 -0.06539043474386073 1.053904023654348 0.06189592061275363 0.029544083971502436 -0.07255529573513289 0.9950034025944695 -0.17806856392976184 -0.523778151640602 -0.3018886058708416 0.1443768398588822 -0.08834837880580713 -0.4036986300980437 0.6224459211406369 -0.2687732996393747 -0.03953602046589364 0.011449229972169652 -0.010730010842321983 0.03726276024215659 0.5751200630099262 -0.9750556019609962 -1.420360676265403 0.31148220319300407 0.009318064037955395 -0.11861377910734104 -2.0662461107030046e-07 -0.3113867333108085 -0.574923426771985 0.35473297762180445 -1.4202730913787038 -0.32039315750720754 -0.10180253208804872 -0.1376652504342819 1.5094728149386755e-06 -0.012100232143199096 -0.00103539919245481
-0.027101384756410676 -0.06538677140453474 1.0538540094115452 0.061907291796345756 0.029531956130375403 -0.07252137352173302 0.995005528211817 -0.17806329952405014 -0.5237823678975111 -0.3018400899600481 0.14430838514623878 -0.08837485036840886 -0.4039208987009464 0.6229278918124785 -0.26901155036965846 -0.039528782610852894 0.01139020455355983 -0.010677462363628924 0.037212083128270346 0.5751262975527305 -0.9750676292404179 -1.4203553558652429 0.3114848491431399 0.009321184655798231 -0.1185993949931691 -1.5756566498178175e-07 -0.31138363563741495 -0.5749212005001322 0.3547850944057012 -1.4202668602842388 -0.3203976046492769 -0.10180180145349317 -0.13764007991542077 2.3194751753467234e-06 -0.012096517837677135 -0.0010390838751659717
-0.027124806912460452 -0.06538300142737986 1.0538047155476282 0.061918136880946224 0.029519548504512688 -0.07248749050586595 0.9950076905740197 -0.1780581462120058 -0.5237865741959102 -0.3017928758051256 0.1442400556076178 -0.08839999178514274 -0.404138851167105 0.6234026545544363 -0.2692464191044803 -0.03952178657389067 0.011331133269125212 -0.010627556526564585 0.03716207871703649 0.5751332921742393 -0.975076730830171 -1.420350627134738 0.3114874852552925 0.00932452150448594 -0.1185859598217764 -1.0680438909893354e-07 -0.31138060986315974 -0.5749197637200123 0.3548332429470758 -1.4202613389520238 -0.3204018597867527 -0.10180139164056053 -0.13761612621166391 3.046967661300506e-06 -0.01209273083587606 -0.0010427827322753108
-0.02714804456755877 -0.06537913075129283 1.0537563977905677 0.06192843241053957 0.02950687105098748 -0.07245367280025436 0.9950098889547315 -0.17805321068202518 -0.5237909655252587 -0.3017471133880953 0.144171904637898 -0.08842374940990963 -0.4043513913436599 0.623867814110869 -0.2694766264303251 -0.03951504195015147 0.0112720296158717 -0.010580334131351805 0.03711285912660057 0.5751411287524506 -0.9750829636873677 -1.4203467693667358 0.31149009460617155 0.009328038381014637 -0.11857354756704487 -5.631874328829688e-08 -0.3113776732451382 -0.5749192607968653 0.3548773273391555 -1.4202568581998054 -0.32040589552048226 -0.1018012857243306 -0.13759349300056795 3.675983174949568e-06 -0.01208886033399555 -0.0010464846573869434
-0.027171092216069267 -0.06537516682153817 1.0537093391624983 0.06193814979657095 0.029493930041672375 -0.07241996343475583 0.995012121828967 -0.1780486212682376 -0.523795770314045 -0.3017029617217888 0.14410402019018453 -0.0884460565122803 -0.4045572983072286 0.6243207239285774 -0.269700757563754 -0.03950856146938006 0.011212930393135076 -0.01053580695254848 0.03706457972409553 0.5751498898082763 -0.9750864082385697 -1.420344116104624 0.3114926568401977 0.009331695156042511 -0.11856223050804278 -8.704102558926134e-09 -0.3113748485285796 -0.5749198421463451 0.3549172858913412 -1.4202538069847506 -0.3204096845698556 -0.10180145803199123 -0.13757228588685544 4.193322478785812e-06 -0.012084900381397092 -0.0010501748524086
-0.027193944815990502 -0.06537111918958916 1.053663853405303 0.06194725402855734 0.029480728933768 -0.07238643083742911 0.9950143863133202 -0.17804453067628367 -0.5238012468073578 -0.3016605924068564 0.14403654188106663 -0.08846683053118042 -0.4047552128144534 0.6247584513775288 -0.26991724194623556 -0.039502361717970946 0.011153910718057571 -0.010493958047469821 0.03701745226855004 0.5751596535102097 -0.9750871735872773 -1.4203430554902619 0.31149514745308055 0.009335448173303321 -0.11855207404866745 3.2689994741520635e-08 -0.31137216553654457 -0.5749216621521864 0.3549531037458797 -1.420252631510015 -0.32041320345843666 -0.10180187284391083 -0.1375526088426863 4.590346960632128e-06 -0.01208085520919059 -0.0010538337082709218
-0.027216597071901015 -0.06536700040242453 1.0536202888910537 0.0619557018704019 0.029467270716247492 -0.0723531814247049 0.9950166772974235 -0.17804111717924842 -0.523807673802344 -0.301620196647119 0.14396968632348384 -0.08848596945599113 -0.40494362434460834 0.6251777358229066 -0.27012432759060145 -0.03949646412613745 0.011095107555359444 -0.010454747218436098 0.03697176094208777 0.5751704851802772 -0.9750854044783144 -1.4203440235162563 0.3114975368054559 0.009339250766406498 -0.11854312835404822 6.355474787783376e-08 -0.31136966337444777 -0.5749248761368928 0.35498483011503035 -1.4202538269837361 -0.3204164401638636 -0.10180248403204493 -0.13753455877299492 4.865098180729266e-06 -0.012076748222565797 -0.0010574352731972847
-0.027239042038695278 -0.06536282732534317 1.0535790330812884 0.06196343935816234 0.029453563011920637 -0.0723203784485586 0.9950189860851236 -0.17803858201569883 -0.5238153333410427 -0.3015819991692064 0.14390378495501124 -0.08850334722020872 -0.40512086094696814 0.6255749371565309 -0.27032004788204456 -0.03949089626001599 0.01103675716683079 -0.010418126261091334 0.03692788074272392 0.5751824235934101 -0.9750812914291744 -1.4203474848240627 0.31149978861175487 0.009343053399551153 -0.11853541506586458 7.82639447115905e-08 -0.31136739505378075 -0.5749296364050975 0.35501260323759787 -1.4202579181860493 -0.3204194103501572 -0.1018032377474549 -0.1375182174902574 5.024212239723427e-06 -0.012072636207395336 -0.0010609451081774936
-0.02726126843134911 -0.06535862307262032 1.0535405175153603 0.061970398523963105 0.029439628779134305 -0.07228826979789607 0.9950212982714262 -0.1780371471888479 -0.5238244820171987 -0.30154629112694437 0.14383933964463327 -0.08851880865934751 -0.40528508770780813 0.6259459716687704 -0.2705021772498532 -0.03948569326437182 0.010979254730638988 -0.010384074418815724 0.03688629559362451 0.5751954599798657 -0.9750750880540907 -1.4203538921404322 0.3115018584028695 0.009346801851042643 -0.11852890619433717 7.000612244851872e-08 -0.31136543983488996 -0.5749360878978912 0.3550366894771928 -1.4202654233401342 -0.320422177381363 -0.10180408523395133 -0.13750363998812656 5.086013057936957e-06 -0.012068624722216282 -0.0010643178059570203
-0.02728325465421224 -0.0653544190018963 1.0535052219294703 0.06197649562497259 0.029425535311345126 -0.07225721716045443 0.9950235908911483 -0.17803720596677083 -0.5238352877736305 -0.30151359284654466 0.14377707997442624 -0.08853217251801004 -0.4054343474999501 0.6262862390524279 -0.2706681718938748 -0.03948089699259313 0.01092323157215635 -0.010352696304797824 0.036847603271043916 0.5752095136835981 -0.9750671719302719 -1.4203636134277875 0.3115037686443951 0.009350483408051795 -0.11852353700692407 4.179126791556439e-08 -0.311363950366237 -0.574944372994296 0.3550575518718321 -1.4202768154119685 -0.3204247101014939 -0.1018050169400961 -0.13749077092203918 4.965695446661207e-06 -0.01206485002651831 -0.001067533183905067
-0.027304967281708732 -0.0653502599160481 1.0534736842834074 0.0619816195977282 0.029411394556940716 -0.07222774795775772 0.9950258293769108 -0.17803920623259611 -0.5238477474828699 -0.30148458927493577 0.14371806867019735 -0.08854320034054308 -0.40556651168123137 0.6265905083486456 -0.27081510055671265 -0.039476566669882016 0.010869642607849422 -0.010324235667709116 0.036812561262912845 0.5752243852226959 -0.9750580338978287 -1.4203768319153383 0.3115055429854556 0.009354098619206419 -0.11851912322517595 -8.22801070248004e-09 -0.31136310354342556 -0.5749545367780142 0.35507580146293455 -1.4202923413546507 -0.320427032973129 -0.10180605802148039 -0.13747947975312752 4.576937941838119e-06 -0.012061553414760558 -0.0010705565915253498
-0.02732635548134102 -0.06534621047290563 1.0534465122403558 0.061985619566755926 0.029397383820517792 -0.07220061990772564 0.9950279630625335 -0.17804364929377703 -0.523861556778361 -0.3014601890780181 0.14366383147425424 -0.08855156721814209 -0.405679265796354 0.6268527669242443 -0.27093954257843683 -0.039472789408848956 0.010819895338569023 -0.01029916743138734 0.03678211470737199 0.5752396886305517 -0.9750483108281799 -1.4203933604928947 0.3115072118825392 0.009357677297338714 -0.1185152974360302 -8.803248533313723e-08 -0.3113630778724942 -0.5749664007826257 0.35509214431379316 -1.4203117748421559 -0.3204292366019042 -0.1018073072778457 -0.137469514293668 4.0539918241577095e-06 -0.012059128175953822 -0.001073333954897873
-0.02734734203890398 -0.0653423648384389 1.05342439819117 0.06198828685827519 0.029383782756735238 -0.07217691832349192 0.9950299181756321 -0.1780510701840087 -0.5238759147319715 -0.30144163705116844 0.14361655251267944 -0.0885568211378023 -0.4057701107142097 0.6270660086293337 -0.27103743880976483 -0.0394696951470145 0.01077605750523978 -0.010278359726128082 0.036757406163894876 0.5752547521466576 -0.9750388401028159 -1.4204123380422786 0.31150882082448667 0.009361299084649985 -0.11851140376607167 -2.147015185369415e-07 -0.3113640389732478 -0.5749793462474853 0.35510726289711103 -1.4203340273767853 -0.32043150799652487 -0.10180902785994135 -0.13746044238977895 3.2997838717485922e-06 -0.012058157320567113 -0.0010757851158427806
-0.027367811200536375 -0.06533886230681574 1.0534081411387906 0.06198932642037713 0.029371023942531715 -0.07215820834212355 0.995031587102324 -0.17806185683330922 -0.5238892549903728 -0.3014306173637383 0.14357938041409601 -0.08855831580643041 -0.40583635661155915 0.627221923486052 -0.27110387273596 -0.039467481659990894 0.010741190737725299 -0.010263317746857133 0.03673974130786231 0.5752684770209195 -0.9750307427080762 -1.4204317351709965 0.31151044069319256 0.00936512575990587 -0.11850633469380183 -4.2423814310762144e-07 -0.311366120325785 -0.574991887827528 0.35512150230062395 -1.4203565110700453 -0.3204341997792617 -0.10181183604835228 -0.13745156917991602 2.141889900223251e-06 -0.01205931937405113 -0.0010777934901370146
-0.027387598881064196 -0.06533591813390872 1.0533986869929208 0.061988298575922265 0.02935970464099918 -0.07214683207658933 0.9950328101145047 -0.1780748555647276 -0.5238990496457078 -0.3014287389936769 0.14355703056987612 -0.08855505428452645 -0.4058749380812187 0.6273103998147995 -0.2711327507116514 -0.03946647108646468 0.010719951721638962 -0.010256416916726829 0.0367304958917043 0.5752791183566149 -0.975025500414311 -1.4204474748028555 0.31151215680980554 0.009369428738934506 -0.1184984284866058 -8.186449278729696e-07 -0.311369276193179 -0.5750006822457406 0.3551339201086514 -1.4203739333390801 -0.32043789699263514 -0.10181699652552548 -0.13744195265815395 6.304353389188071e-08 -0.012062566981558559 -0.0010791897643534552
-0.027406516503683524 -0.06533391855417446 1.05339727470053 0.06198442959476033 0.029350099083052576 -0.07214689118619867 0.9950333302275829 -0.17807623156630717 -0.5239034747146311 -0.3014312409947609 0.14355780290887907 -0.08854508490990978 -0.4058806095808548 0.6273183196209604 -0.2711163260811989 -0.03946731360396473 0.010719918786479526 -0.010260144796240472 0.03673156821389675 0.5752831509259901 -0.9750242348835587 -1.420447741880933 0.31151211637497295 0.0093694967428292 -0.11849868739305996 -8.156388868433476e-07 -0.3113715173308378 -0.5749971063739615 0.3551370414022168 -1.420371803679376 -0.3204379815339163 -0.10181666758185534 -0.1374413483825037 6.370973061469377e-08 -0.01206278031296031 -0.0010791511312888298